# name: debug
# type: sparse matrix
# nnz: 5472
# rows: 96
# columns: 96

1 1 65.5770144
2 1 -0.121511746
3 1 -0.349618367
4 1 1.98228064
5 1 4.88447259
6 1 415.547387
7 1 -1.6706841
8 1 -0.0245987696
9 1 0.000779386387
10 1 -0.0246499001
11 1 -1.87634501
12 1 -164.904906
13 1 0.753800632
14 1 0.0159654266
15 1 0.0123886094
16 1 0.922875936
17 1 -0.922341078
18 1 -111.138648
19 1 -0.392235064
20 1 -0.00484620312
21 1 0.028276425
22 1 -0.17371014
23 1 -0.207716128
24 1 -4.86126016
25 1 2.08311628
26 1 0.170202818
27 1 0.121510018
28 1 1.21621377
29 1 -0.749916283
30 1 -40.7548814
31 1 -3.87878882
32 1 -0.102458448
33 1 0.100124421
34 1 -1.3922629
35 1 1.02244408
36 1 -106.862155
37 1 -1.49932788
38 1 0.00720520655
39 1 -0.0468084484
40 1 -1.09377083
41 1 -3.21088464
42 1 69.5926729
49 1 -0.169758162
50 1 -0.0250228474
51 1 -0.026560536
52 1 -0.0894995341
53 1 0.0209465404
54 1 1.13738178
61 1 -1.17857381
62 1 -0.0226233342
63 1 0.0757071986
64 1 -0.508611949
65 1 0.247678784
66 1 -15.7794212
1 2 -0.121511746
2 2 57.7775568
3 2 0.427249244
4 2 -0.105921967
5 2 0.102234445
6 2 9.26317741
7 2 -3.77698818
8 2 -0.055611508
9 2 0.00176199269
10 2 -0.000362939478
11 2 -0.0276268737
12 2 -2.42802203
13 2 -1.84857188
14 2 -0.0391525788
15 2 -0.0303810238
16 2 0.0195464256
17 2 -0.0195350974
18 2 -2.35390613
19 2 -0.41805051
20 2 -0.00516516209
21 2 0.0301374736
22 2 -0.00214625029
23 2 -0.00256640632
24 2 -0.0600625908
25 2 -1.43320062
26 2 -0.117100897
27 2 -0.0835998621
28 2 0.0993717986
29 2 -0.0612725586
30 2 -3.32991284
31 2 1.9798191
32 2 0.0522970448
33 2 -0.0511057062
34 2 -0.036776711
35 2 0.027007924
36 2 -2.82277048
37 2 -6.41381671
38 2 0.0308223937
39 2 -0.200236928
40 2 0.00525625174
41 2 0.0154303054
42 2 -0.334436243
49 2 0.0305852829
50 2 0.00450835977
51 2 0.00478540472
52 2 -0.013192492
53 2 0.00308758106
54 2 0.167653387
61 2 0.482761345
62 2 0.00926685389
63 2 -0.0310107936
64 2 -0.00976306961
65 2 0.00475432246
66 2 -0.302894157
1 3 -0.349618367
2 3 0.427249244
3 3 53.5186617
4 3 -0.153499501
5 3 0.214779631
6 3 -4.06735492
7 3 -164.876581
8 3 -2.42760498
9 3 0.0769161347
10 3 1.14993592e-05
11 3 0.000875328712
12 3 0.0769293484
13 3 -111.140085
14 3 -2.35393656
15 3 -1.82657196
16 3 0.0151673387
17 3 -0.0151585484
18 3 -1.82654835
19 3 -4.83532124
20 3 -0.0597421063
21 3 0.348580764
22 3 0.0125228522
23 3 0.0149743611
24 3 0.350450714
25 3 -40.7364854
26 3 -3.32840978
27 3 -2.37619528
28 3 0.070942827
29 3 -0.0437432811
30 3 -2.37726834
31 3 -106.801851
32 3 -2.82117754
33 3 2.75691047
34 3 0.0359389291
35 3 -0.0263926773
36 3 2.75846713
37 3 69.3668536
38 3 -0.33335104
39 3 2.16560689
40 3 -0.0341471111
41 3 -0.100242602
42 3 2.17265688
49 3 1.13095844
50 3 0.166706567
51 3 0.176950917
52 3 -0.0140031889
53 3 0.00327731719
54 3 0.177955919
61 3 -15.7395536
62 3 -0.302128878
63 3 1.01105039
64 3 0.0326713402
65 3 -0.0159099641
66 3 1.01361134
1 4 1.98228064
2 4 -0.105921967
3 4 -0.153499501
4 4 59.552289
5 4 -0.0520926409
6 4 -0.0773234807
7 4 2.42930337
8 4 -164.834581
9 4 4.96624485
10 4 -0.0246503103
11 4 -0.000181528334
12 4 3.68471564e-06
13 4 2.30364351
14 4 -111.119462
15 4 3.03356719
16 4 0.923092824
17 4 0.00971081343
18 4 0.00766520169
19 4 0.0923895979
20 4 -4.85270536
21 4 0.449888697
22 4 -0.173899446
23 4 -0.0013403396
24 4 0.00621404656
25 4 3.13973763
26 4 -40.7434654
27 4 3.24429248
28 4 1.22059121
29 4 0.0490863169
30 4 0.0364250806
31 4 2.80625262
32 4 -106.905149
33 4 -0.683892753
34 4 -1.39291106
35 4 -0.0182186957
36 4 0.0181476631
37 4 0.129265
38 4 69.3204797
39 4 6.52996985
40 4 -1.09301721
41 4 0.00183865521
42 4 -0.0171786813
49 4 -0.147840865
50 4 1.14874062
51 4 -0.137330356
52 4 -0.0910159899
53 4 -0.00650261227
54 4 -0.00716196518
61 4 0.280221732
62 4 -15.8088751
63 4 -0.361755193
64 4 -0.509405444
65 4 -0.00462714705
66 4 0.0164194676
1 5 4.88447259
2 5 0.102234445
3 5 0.214779631
4 5 -0.0520926409
5 5 57.6248767
6 5 0.108330381
7 5 -0.0037742814
8 5 -4.96683925
9 5 -164.852464
10 5 -1.87637623
11 5 -0.0138178971
12 5 0.000280479749
13 5 1.88980472
14 5 -2.99463121
15 5 -111.128327
16 5 -0.92255784
17 5 -0.00970518547
18 5 -0.00766075928
19 5 -0.343358253
20 5 -0.455332789
21 5 -4.84091542
22 5 -0.207942493
23 5 -0.00160272827
24 5 0.00743052588
25 5 2.62846806
26 5 -3.04583878
27 5 -40.7949431
28 5 -0.752615404
29 5 -0.0302665774
30 5 -0.0224596709
31 5 -2.77574948
32 5 0.611037442
33 5 -106.906387
34 5 1.02292008
35 5 0.0133793679
36 5 -0.0133272033
37 5 -2.19444521
38 5 -6.52268103
39 5 69.2865439
40 5 -3.2086723
41 5 0.0053975747
42 5 -0.0504299093
49 5 -0.195510008
50 5 0.11164864
51 5 1.14439154
52 5 0.0213014529
53 5 0.00152187642
54 5 0.00167619189
61 5 -1.02015731
62 5 0.342984837
63 5 -15.7788328
64 5 0.248065193
65 5 0.00225328201
66 5 -0.00799578891
1 6 415.547387
2 6 9.26317741
3 6 -4.06735492
4 6 -0.0773234807
5 6 0.108330381
6 6 55.5896423
7 6 -0.000116619926
8 6 0.0673438422
9 6 1.87550184
10 6 -164.90765
11 6 -1.21440301
12 6 0.0246503103
13 6 0.00381132064
14 6 -0.907726507
15 6 0.937899052
16 6 -111.164767
17 6 -1.16943853
18 6 -0.923092824
19 6 0.0114942105
20 6 0.191376171
21 6 0.192240716
22 6 -4.86655787
23 6 -0.037509264
24 6 0.173899446
25 6 0.0507268093
26 6 -1.19170531
27 6 0.799619327
28 6 -40.9015675
29 6 -1.64486463
30 6 -1.22059121
31 6 -0.0629869379
32 6 1.41170227
33 6 -0.995483483
34 6 -106.911905
35 6 -1.39836312
36 6 1.39291106
37 6 -0.0991479205
38 6 0.794098079
39 6 3.29805596
40 6 69.5447227
41 6 -0.116986965
42 6 1.09301721
49 6 -0.00927916195
50 6 0.0900168469
51 6 -0.0254988962
52 6 1.15665327
53 6 0.0826367732
54 6 0.0910159899
61 6 -0.0247842136
62 6 0.517055813
63 6 -0.231318803
64 6 -15.804039
65 6 -0.143554831
66 6 0.509405444
1 7 -1.6706841
2 7 -3.77698818
3 7 -164.876581
4 7 2.42930337
5 7 -0.0037742814
6 7 -0.000116619926
7 7 56.3265978
8 7 0.203956469
9 7 -1.49106443
10 7 -3.45253129
11 7 3.29688469
12 7 580.461882
13 7 0.921642639
14 7 0.0117315578
15 7 0.0121791593
16 7 1.83255041
17 7 -1.35355473
18 7 -276.071448
19 7 -0.910685811
20 7 -0.0775984639
21 7 0.29558376
22 7 -0.467339058
23 7 -0.317760736
24 7 -3.04204693
25 7 -0.701881479
26 7 -0.00658393367
27 7 0.366804778
28 7 -0.358068776
29 7 -0.110957914
30 7 -1.46027111
31 7 -0.608618524
32 7 0.0177393599
33 7 0.333125602
34 7 -0.311645276
35 7 -0.124664015
36 7 -1.21203139
37 7 -1.40188319
38 7 -0.00686584228
39 7 0.167714354
40 7 -0.648493695
41 7 0.428655467
42 7 -10.8623696
55 7 -0.0329661355
56 7 -0.0135738837
57 7 -0.000734809769
58 7 -0.0116154951
59 7 0.036709725
60 7 0.406663203
1 8 -0.0245987696
2 8 -0.055611508
3 8 -2.42760498
4 8 -164.834581
5 8 -4.96683925
6 8 0.0673438422
7 8 0.203956469
8 8 57.6815305
9 8 -0.341999485
10 8 0.0825773574
11 8 0.0525127627
12 8 3.79085288
13 8 -2.71889552
14 8 -0.0346087285
15 8 -0.0359291772
16 8 0.0233264717
17 8 -0.017229352
18 8 -3.51410407
19 8 -0.679505531
20 8 -0.0578998649
21 8 0.22054895
22 8 -0.0398214099
23 8 -0.0270760176
24 8 -0.259209231
25 8 -0.23101283
26 8 -0.00216699428
27 8 0.120727804
28 8 -0.00335883071
29 8 -0.00104083035
30 8 -0.0136979368
31 8 -0.247563841
32 8 0.00721572529
33 8 0.135503358
34 8 0.00908350222
35 8 0.003633573
36 8 0.0353269908
37 8 0.854480645
38 8 0.00418489171
39 8 -0.102225828
40 8 -0.00317605308
41 8 0.00209937665
42 8 -0.0531993801
55 8 0.0688456332
56 8 0.0283473512
57 8 0.00153455791
58 8 -0.00478270741
59 8 0.0151153155
60 8 0.167444529
1 9 0.000779386387
2 9 0.00176199269
3 9 0.0769161347
4 9 4.96624485
5 9 -164.852464
6 9 1.87550184
7 9 -1.49106443
8 9 -0.341999485
9 9 64.520522
10 9 -0.803222208
11 9 -0.163057456
12 9 6.73790742
13 9 -276.08526
14 9 -3.51427988
15 9 -3.64836242
16 9 0.0242164613
17 9 -0.0178867144
18 9 -3.6481799
19 9 -2.8834714
20 9 -0.245697198
21 9 0.935896122
22 9 0.151685503
23 9 0.103136463
24 9 0.987365409
25 9 -1.31463831
26 9 -0.0123318419
27 9 0.687032821
28 9 0.187127516
29 9 0.0579868455
30 9 0.763140839
31 9 -1.07255498
32 9 0.0312616821
33 9 0.587059891
34 9 0.170578147
35 9 0.0682344909
36 9 0.663401901
37 9 -10.7662347
38 9 -0.0527285512
39 9 1.28801894
40 9 0.0775825704
41 9 -0.0512822148
42 9 1.29952005
55 9 0.409213114
56 9 0.168494461
57 9 0.00912129339
58 9 -0.000258907487
59 9 0.000818253769
60 9 0.0090644563
1 10 -0.0246499001
2 10 -0.000362939478
3 10 1.14993592e-05
4 10 -0.0246503103
5 10 -1.87637623
6 10 -164.90765
7 10 -3.45253129
8 10 0.0825773574
9 10 -0.803222208
10 10 54.1979254
11 10 0.0642079743
12 10 -0.40522885
13 10 3.45484684
14 10 -276.065511
15 10 4.47849707
16 10 1.83275971
17 10 0.011604219
18 10 0.0121657801
19 10 0.510555044
20 10 -3.07988076
21 10 0.764457488
22 10 -0.483872752
23 10 -0.0280490599
24 10 0.074335683
25 10 0.146200415
26 10 -1.62241054
27 10 0.250633377
28 10 -0.391244577
29 10 -0.00902394193
30 10 0.0959359295
31 10 0.108783331
32 10 -1.35113557
33 10 0.270696187
34 10 -0.342473525
35 10 -0.00434429837
36 10 0.088058987
37 10 -0.0492567261
38 10 -10.9061326
39 10 -0.858197043
40 10 -0.651459634
41 10 -5.72854375e-05
42 10 0.0388927536
55 10 -0.155456807
56 10 0.386515069
57 10 -0.165621741
58 10 -0.0122748879
59 10 -0.00241608201
60 10 -0.000350606839
1 11 -1.87634501
2 11 -0.0276268737
3 11 0.000875328712
4 11 -0.000181528334
5 11 -0.0138178971
6 11 -1.21440301
7 11 3.29688469
8 11 0.0525127627
9 11 -0.163057456
10 11 0.0642079743
11 11 57.6094806
12 11 -0.0827795799
13 11 3.70448456
14 11 -4.43209659
15 11 -276.063023
16 11 -1.35370932
17 11 -0.00857108509
18 11 -0.00898586426
19 11 -0.885954341
20 11 -0.881842675
21 11 -2.96110884
22 11 -0.329002593
23 11 -0.0190715708
24 11 0.0505435207
25 11 -0.74933766
26 11 -0.289834293
27 11 -1.43906107
28 11 -0.12123839
29 11 -0.00279632807
30 11 0.0297285084
31 11 -0.655429083
32 11 -0.289589436
33 11 -1.18204409
34 11 -0.136995899
35 11 -0.00173780166
36 11 0.0352252633
37 11 -1.29967546
38 11 0.857961664
39 11 -10.8285457
40 11 0.430615958
41 11 3.78657744e-05
42 11 -0.0257081782
55 11 -0.0710102134
56 11 0.149911501
57 11 0.416503745
58 11 0.0387936765
59 11 0.00763580937
60 11 0.0011080613
1 12 -164.904906
2 12 -2.42802203
3 12 0.0769293484
4 12 3.68471564e-06
5 12 0.000280479749
6 12 0.0246503103
7 12 580.461882
8 12 3.79085288
9 12 6.73790742
10 12 -0.40522885
11 12 -0.0827795799
12 12 60.9440059
13 12 0.00503309505
14 12 -1.81946406
15 12 1.37172298
16 12 -276.102979
17 12 -1.74816122
18 12 -1.83275971
19 12 0.0250058669
20 12 0.552612532
21 12 0.222117656
22 12 -3.14966959
23 12 -0.182579553
24 12 0.483872752
25 12 0.025569244
26 12 0.41842264
27 12 0.0564372302
28 12 -1.5955682
29 12 -0.0368013148
30 12 0.391244577
31 12 0.0417163863
32 12 0.376319607
33 12 0.056176098
34 12 -1.33192669
35 12 -0.0168955745
36 12 0.342473525
37 12 -0.0483406808
38 12 0.684996973
39 12 -0.376025695
40 12 -10.9120496
41 12 -0.000959539932
42 12 0.651459634
55 12 -0.00114712035
56 12 0.00502323671
57 12 -0.0413286641
58 12 0.429748812
59 12 0.0845880129
60 12 0.0122748879
1 13 0.753800632
2 13 -1.84857188
3 13 -111.140085
4 13 2.30364351
5 13 1.88980472
6 13 0.00381132064
7 13 0.921642639
8 13 -2.71889552
9 13 -276.08526
10 13 3.45484684
11 13 3.70448456
12 13 0.00503309505
13 13 43.2367361
14 13 -0.0493670378
15 13 -1.03471365
16 13 -12.3076286
17 13 -3.46769776
18 13 1028.56574
19 13 10.156966
20 13 0.061367077
21 13 0.554064694
22 13 6.23978096
23 13 3.64481703
24 13 -229.347837
25 13 -0.0360789474
26 13 -0.000217341434
27 13 -0.0003546535
28 13 0.868082217
29 13 0.494925448
30 13 -176.92941
31 13 -1.27362753
32 13 0.0402336097
33 13 0.0553522309
34 13 -0.521637106
35 13 0.366610931
36 13 -24.2890132
37 13 -2.88182545
38 13 -0.0840874501
39 13 0.151186593
40 13 -1.20452582
41 13 0.660239192
42 13 -45.5939732
43 13 0.463486112
44 13 0.0200524189
45 13 -0.0263152247
46 13 0.192787412
47 13 -0.326785748
48 13 6.55069799
49 13 -0.584700199
50 13 -0.0716451065
51 13 -0.0515898587
52 13 -0.334737171
53 13 -0.0531024231
54 13 7.70432224
67 13 -0.123704959
68 13 0.00539601377
69 13 -0.0075205715
70 13 -0.0696709882
71 13 -0.171870376
72 13 2.1719056
1 14 0.0159654266
2 14 -0.0391525788
3 14 -2.35393656
4 14 -111.119462
5 14 -2.99463121
6 14 -0.907726507
7 14 0.0117315578
8 14 -0.0346087285
9 14 -3.51427988
10 14 -276.065511
11 14 -4.43209659
12 14 -1.81946406
13 14 -0.0493670378
14 14 57.594547
15 14 -0.356387139
16 14 -0.0694377041
17 14 0.00899863787
18 14 9.07369271
19 14 7.31518722
20 14 0.0441974166
21 14 0.399045047
22 14 0.0376999509
23 14 0.0220215139
24 14 -1.38569002
25 14 0.98442571
26 14 0.00593023108
27 14 0.00967683506
28 14 0.0052293719
29 14 0.00298145634
30 14 -1.06583186
31 14 0.757340255
32 14 -0.0239242099
33 14 -0.0329142327
34 14 0.0164784
35 14 -0.0115811576
36 14 0.767284515
37 14 1.27227807
38 14 0.0371232124
39 14 -0.0667463692
40 14 -0.0351463011
41 14 0.0192648136
42 14 -1.33036543
43 14 -0.641742964
44 14 -0.0277645833
45 14 0.0364360655
46 14 0.00834081938
47 14 -0.0141381684
48 14 0.283411599
49 14 -0.137414947
50 14 -0.0168378744
51 14 -0.0121245344
52 14 -0.0410163709
53 14 -0.00650680258
54 14 0.944034205
67 14 -0.340689171
68 14 0.0148608711
69 14 -0.0207120013
70 14 0.00303905045
71 14 0.0074969906
72 14 -0.0947385829
1 15 0.0123886094
2 15 -0.0303810238
3 15 -1.82657196
4 15 3.03356719
5 15 -111.128327
6 15 0.937899052
7 15 0.0121791593
8 15 -0.0359291772
9 15 -3.64836242
10 15 4.47849707
11 15 -276.063023
12 15 1.37172298
13 15 -1.03471365
14 15 -0.356387139
15 15 82.1759383
16 15 -0.641230007
17 15 -0.178046807
18 15 24.6151586
19 15 -229.132857
20 15 -1.38439114
21 15 -12.499247
22 15 0.340381402
23 15 0.198825558
24 15 -12.5109742
25 15 -176.939146
26 15 -1.06589051
27 15 -1.73929928
28 15 0.00853318676
29 15 0.00486508213
30 15 -1.73920358
31 15 -24.2565284
32 15 0.766258326
33 15 1.05419593
34 15 0.0226705037
35 15 -0.0159330201
36 15 1.05560774
37 15 -45.5126429
38 15 -1.32799233
39 15 2.38768847
40 15 0.0631919448
41 15 -0.0346375294
42 15 2.39195523
43 15 6.51542376
44 15 0.281885483
45 15 -0.369924441
46 15 -0.0109458384
47 15 0.0185538254
48 15 -0.371927196
49 15 7.70319092
50 15 0.94389558
51 15 0.679675724
52 15 -0.0295348683
53 15 -0.00468538665
54 15 0.679775544
67 15 2.1499865
68 15 -0.0937824712
69 15 0.130707187
70 15 -0.00423560747
71 15 -0.0104487602
72 15 0.132039746
1 16 0.922875936
2 16 0.0195464256
3 16 0.0151673387
4 16 0.923092824
5 16 -0.92255784
6 16 -111.164767
7 16 1.83255041
8 16 0.0233264717
9 16 0.0242164613
10 16 1.83275971
11 16 -1.35370932
12 16 -276.102979
13 16 -12.3076286
14 16 -0.0694377041
15 16 -0.641230007
16 16 45.2574202
17 16 -0.0380014772
18 16 -0.320344896
19 16 1.73952943
20 16 -229.596952
21 16 -6.45889816
22 16 6.24603489
23 16 0.0215600416
24 16 0.169933539
25 16 1.07030113
26 16 -176.93817
27 16 -0.449290734
28 16 0.868122087
29 16 0.00262665427
30 16 0.0042593334
31 16 -0.815420104
32 16 -24.2882675
33 16 -1.10811818
34 16 -0.522141873
35 16 0.00841236245
36 16 0.0112136534
37 16 1.29503744
38 16 -45.6567993
39 16 -0.708343144
40 16 -1.20602556
41 16 -0.0171215134
42 16 0.0318614243
43 16 -0.253030517
44 16 6.54249025
45 16 0.528843092
46 16 0.192915385
47 16 0.00389502136
48 16 -0.00567751068
49 16 -0.912497185
50 16 7.74189918
51 16 -0.409613551
52 16 -0.33757362
53 16 -0.0206674749
54 16 -0.0146668889
67 16 0.0699764771
68 16 2.14270738
69 16 0.386359108
70 16 -0.069599462
71 16 0.00134866314
72 16 -0.00223263078
1 17 -0.922341078
2 17 -0.0195350974
3 17 -0.0151585484
4 17 0.00971081343
5 17 -0.00970518547
6 17 -1.16943853
7 17 -1.35355473
8 17 -0.017229352
9 17 -0.0178867144
10 17 0.011604219
11 17 -0.00857108509
12 17 -1.74816122
13 17 -3.46769776
14 17 0.00899863787
15 17 -0.178046807
16 17 -0.0380014772
17 17 57.5739477
18 17 -0.0887465289
19 17 12.4667773
20 17 6.54394135
21 17 -229.262426
22 17 3.64847011
23 17 0.0125937765
24 17 0.0992625637
25 17 1.73646774
26 17 0.459781163
27 17 -176.93286
28 17 0.49494818
29 17 0.00149755175
30 17 0.00242840189
31 17 -1.01910026
32 17 1.14190958
33 17 -24.2790085
34 17 0.366965685
35 17 -0.00591227884
36 17 -0.00788104961
37 17 -2.41157829
38 17 0.639251984
39 17 -45.6124747
40 17 0.661061244
41 17 0.00938485002
42 17 -0.0174642674
43 17 0.393340392
44 17 -0.513171102
45 17 6.53680479
46 17 -0.32700267
47 17 -0.00660228517
48 17 0.00962370706
49 17 -0.725063346
50 17 0.325412477
51 17 7.76568265
52 17 -0.053552395
53 17 -0.00327867084
54 17 -0.00232674292
67 17 -0.146707542
68 17 -0.38103976
69 17 2.13977816
70 17 -0.171693929
71 17 0.00332699803
72 17 -0.00550764531
1 18 -111.138648
2 18 -2.35390613
3 18 -1.82654835
4 18 0.00766520169
5 18 -0.00766075928
6 18 -0.923092824
7 18 -276.071448
8 18 -3.51410407
9 18 -3.6481799
10 18 0.0121657801
11 18 -0.00898586426
12 18 -1.83275971
13 18 1028.56574
14 18 9.07369271
15 18 24.6151586
16 18 -0.320344896
17 18 -0.0887465289
18 18 69.8845111
19 18 0.24652232
20 18 -6.12927919
21 18 -3.84031486
22 18 -229.577705
23 18 -0.792455528
24 18 -6.24603489
25 18 0.0101253556
26 18 -0.865326747
27 18 -0.499757694
28 18 -176.937536
29 18 -0.535355271
30 18 -0.868122087
31 18 0.00157886414
32 18 0.533207049
33 18 -0.351240757
34 18 -24.3125167
35 18 0.39170523
36 18 0.522141873
37 18 -0.0684826329
38 18 1.22434209
39 18 -0.624415093
40 18 -45.6507415
41 18 -0.648087247
42 18 1.20602556
43 18 0.0270788305
44 18 -0.224338985
45 18 0.305987223
46 18 6.55504637
47 18 0.132348416
48 18 -0.192915385
49 18 -0.0460148446
50 18 0.334955841
51 18 0.0563471574
52 18 7.76960605
53 18 0.475683314
54 18 0.33757362
67 18 -0.00916281276
68 18 0.0420880639
69 18 0.180916191
70 18 2.16967586
71 18 -0.0420428803
72 18 0.069599462
1 19 -0.392235064
2 19 -0.41805051
3 19 -4.83532124
4 19 0.0923895979
5 19 -0.343358253
6 19 0.0114942105
7 19 -0.910685811
8 19 -0.679505531
9 19 -2.8834714
10 19 0.510555044
11 19 -0.885954341
12 19 0.0250058669
13 19 10.156966
14 19 7.31518722
15 19 -229.132857
16 19 1.73952943
17 19 12.4667773
18 19 0.24652232
19 19 64.3173609
20 19 -2.12960302
21 19 -4.15326001
22 19 0.574124436
23 19 -6.86234228
24 19 654.771836
25 19 -12.4493632
26 19 -0.140404611
27 19 0.523739471
28 19 -5.02498
29 19 1.64319805
30 19 -238.561739
31 19 -2.42691238
32 19 0.00317560435
33 19 0.296857808
34 19 -1.12562403
35 19 0.576143098
36 19 -18.4794679
37 19 -9.36839391
38 19 -0.383561509
39 19 0.702954167
40 19 -4.1076941
41 19 1.99321258
42 19 -108.599972
43 19 5.56544569
44 19 3.36914537
45 19 1.36292263
46 19 2.3702699
47 19 -2.49970684
48 19 -15.0595239
49 19 -0.641915313
50 19 -0.269882823
51 19 -0.0618689289
52 19 -0.263040033
53 19 0.435100673
54 19 3.80337208
67 19 -0.227317887
68 19 0.0280815207
69 19 0.0447682104
70 19 -0.117094686
71 19 0.121863333
72 19 -1.281431
1 20 -0.00484620312
2 20 -0.00516516209
3 20 -0.0597421063
4 20 -4.85270536
5 20 -0.455332789
6 20 0.191376171
7 20 -0.0775984639
8 20 -0.0578998649
9 20 -0.245697198
10 20 -3.07988076
11 20 -0.881842675
12 20 0.552612532
13 20 0.061367077
14 20 0.0441974166
15 20 -1.38439114
16 20 -229.596952
17 20 6.54394135
18 20 -6.12927919
19 20 -2.12960302
20 20 59.6420596
21 20 0.49949731
22 20 -0.869173942
23 20 1.42371116
24 20 11.6340298
25 20 3.20347786
26 20 0.0361290015
27 20 -0.134768966
28 20 -0.056672004
29 20 0.018532079
30 20 -2.69051256
31 20 1.15556552
32 20 -0.00151205249
33 20 -0.141347768
34 20 0.00147287418
35 20 -0.000753880752
36 20 0.0241803038
37 20 3.77573249
38 20 0.154586332
39 20 -0.283310769
40 20 -0.16817753
41 20 0.0816062637
42 20 -4.44630845
43 20 -3.65425211
44 20 -2.21216902
45 20 -0.894890212
46 20 1.43488667
47 20 -1.51324372
48 20 -9.11656099
49 20 0.761477491
50 20 0.32015079
51 20 0.0733925423
52 20 -0.110590891
53 20 0.182930981
54 20 1.59906575
67 20 0.258868832
68 20 -0.0319791397
69 20 -0.0509818849
70 20 0.0144651919
71 20 -0.0150542825
72 20 0.158300482
1 21 0.028276425
2 21 0.0301374736
3 21 0.348580764
4 21 0.449888697
5 21 -4.84091542
6 21 0.192240716
7 21 0.29558376
8 21 0.22054895
9 21 0.935896122
10 21 0.764457488
11 21 -2.96110884
12 21 0.222117656
13 21 0.554064694
14 21 0.399045047
15 21 -12.499247
16 21 -6.45889816
17 21 -229.262426
18 21 -3.84031486
19 21 -4.15326001
20 21 0.49949731
21 21 55.3598176
22 21 -1.95551106
23 21 0.414959719
24 21 -2.15779726
25 21 -238.289352
26 21 -2.68744057
27 21 10.0247328
28 21 0.211398794
29 21 -0.0691286505
30 21 10.036192
31 21 -18.3276022
32 21 0.0239815882
33 21 2.24181633
34 21 0.137685351
35 21 -0.0704733218
36 21 2.26039241
37 21 -108.252287
38 21 -4.43207351
39 21 8.12267255
40 21 0.308219393
41 21 -0.14956001
42 21 8.14876096
43 21 -14.4697612
44 21 -8.75953723
45 21 -3.54350145
46 21 0.580455664
47 21 -0.612153491
48 21 -3.6879285
49 21 3.78012535
50 21 1.58929204
51 21 0.364335142
52 21 -0.0253522619
53 21 0.0419357695
54 21 0.366575702
67 21 -1.24907957
68 21 0.154303976
69 21 0.24599497
70 21 0.0230607437
71 21 -0.0239998857
72 21 0.252366293
1 22 -0.17371014
2 22 -0.00214625029
3 22 0.0125228522
4 22 -0.173899446
5 22 -0.207942493
6 22 -4.86655787
7 22 -0.467339058
8 22 -0.0398214099
9 22 0.151685503
10 22 -0.483872752
11 22 -0.329002593
12 22 -3.14966959
13 22 6.23978096
14 22 0.0376999509
15 22 0.340381402
16 22 6.24603489
17 22 3.64847011
18 22 -229.577705
19 22 0.574124436
20 22 -0.869173942
21 22 -1.95551106
22 22 57.8691952
23 22 -0.41149555
24 22 -1.10647071
25 22 2.60731897
26 22 -238.768623
27 22 -2.03298564
28 22 -5.02843361
29 22 -0.027613836
30 22 0.105917145
31 22 -0.170695547
32 22 -18.5779865
33 22 -1.19675748
34 22 -1.13136521
35 22 0.00288672223
36 22 0.068913882
37 22 4.30831715
38 22 -108.913525
39 22 -2.01012236
40 22 -4.11823309
41 22 -0.0813204965
42 22 0.155768381
43 22 5.77999573
44 22 -13.9315947
45 22 10.8365031
46 22 2.67667796
47 22 0.688851345
48 22 0.421291487
49 22 -1.33420563
50 22 3.58324502
51 22 -1.78779971
52 22 -0.278730917
53 22 -0.0546248262
54 22 -0.0192769437
67 22 -0.218335296
68 22 -1.26130482
69 22 -0.317460999
70 22 -0.118897675
71 22 0.00834609162
72 22 0.0108646395
1 23 -0.207716128
2 23 -0.00256640632
3 23 0.0149743611
4 23 -0.0013403396
5 23 -0.00160272827
6 23 -0.037509264
7 23 -0.317760736
8 23 -0.0270760176
9 23 0.103136463
10 23 -0.0280490599
11 23 -0.0190715708
12 23 -0.182579553
13 23 3.64481703
14 23 0.0220215139
15 23 0.198825558
16 23 0.0215600416
17 23 0.0125937765
18 23 -0.792455528
19 23 -6.86234228
20 23 1.42371116
21 23 0.414959719
22 23 -0.41149555
23 23 58.2592346
24 23 0.332871187
25 23 -10.0582877
26 23 1.92147513
27 23 -238.571845
28 23 1.6443274
29 23 0.00902988695
30 23 -0.0346355302
31 23 -2.25407516
32 23 1.20862763
33 23 -18.4407514
34 23 0.579081682
35 23 -0.00147754938
36 23 -0.0352731075
37 23 -8.2245953
38 23 1.68072041
39 23 -108.693557
40 23 1.9983265
41 23 0.0394598605
42 23 -0.0755848631
43 23 8.34922023
44 23 -7.88808774
45 23 -14.594385
46 23 -2.82284739
47 23 -0.7264685
48 23 -0.444297593
49 23 -1.00729956
50 23 1.52352033
51 23 3.80528721
52 23 0.461055331
53 23 0.090356203
54 23 0.0318864437
67 23 -0.203751772
68 23 0.351097235
69 23 -1.25481376
70 23 0.123739747
71 23 -0.00868598374
72 23 -0.0113070988
1 24 -4.86126016
2 24 -0.0600625908
3 24 0.350450714
4 24 0.00621404656
5 24 0.00743052588
6 24 0.173899446
7 24 -3.04204693
8 24 -0.259209231
9 24 0.987365409
10 24 0.074335683
11 24 0.0505435207
12 24 0.483872752
13 24 -229.347837
14 24 -1.38569002
15 24 -12.5109742
16 24 0.169933539
17 24 0.0992625637
18 24 -6.24603489
19 24 654.771836
20 24 11.6340298
21 24 -2.15779726
22 24 -1.10647071
23 24 0.332871187
24 24 57.2727361
25 24 -0.123131937
26 24 5.05122967
27 24 -1.57272521
28 24 -238.725699
29 24 -1.31097133
30 24 5.02843361
31 24 -0.0602424484
32 24 1.16800932
33 24 -0.504996922
34 24 -18.5737213
35 24 0.0473915706
36 24 1.13136521
37 24 -0.309207964
38 24 4.18698603
39 24 -1.83627238
40 24 -108.878604
41 24 -2.14996624
42 24 4.11823309
43 24 0.102189777
44 24 -1.68635853
45 24 3.75139079
46 24 -17.0062893
47 24 -4.3766211
48 24 -2.67667796
49 24 -0.019842303
50 24 0.168056773
51 24 -0.527220346
52 24 4.03025111
53 24 0.789836194
54 24 0.278730917
67 24 -0.00217932045
68 24 0.141778275
69 24 -0.0999983706
70 24 -1.30116209
71 24 0.0913358315
72 24 0.118897675
1 25 2.08311628
2 25 -1.43320062
3 25 -40.7364854
4 25 3.13973763
5 25 2.62846806
6 25 0.0507268093
7 25 -0.701881479
8 25 -0.23101283
9 25 -1.31463831
10 25 0.146200415
11 25 -0.74933766
12 25 0.025569244
13 25 -0.0360789474
14 25 0.98442571
15 25 -176.939146
16 25 1.07030113
17 25 1.73646774
18 25 0.0101253556
19 25 -12.4493632
20 25 3.20347786
21 25 -238.289352
22 25 2.60731897
23 25 -10.0582877
24 25 -0.123131937
25 25 104.023112
26 25 2.12312082
27 25 -4.15176918
28 25 18.2988002
29 25 -7.27583025
30 25 997.020777
31 25 -5.38716807
32 25 -0.00367401478
33 25 0.121850332
34 25 -1.86786596
35 25 0.588502787
36 25 -165.165161
37 25 -4.73007976
38 25 -0.0690574331
39 25 0.239956678
40 25 -1.97302999
41 25 0.705601296
42 25 -77.6367049
43 25 -19.8933319
44 25 -0.950737501
45 25 1.71677565
46 25 -8.87744471
47 25 2.59142068
48 25 -204.801003
49 25 -7.88660579
50 25 -0.312723408
51 25 0.953757338
52 25 -3.64443398
53 25 0.306964225
54 25 -60.4139745
55 25 -0.461978035
56 25 -0.3560377
57 25 -0.164507992
58 25 -0.195045158
59 25 0.221803932
60 25 0.78619611
1 26 0.170202818
2 26 -0.117100897
3 26 -3.32840978
4 26 -40.7434654
5 26 -3.04583878
6 26 -1.19170531
7 26 -0.00658393367
8 26 -0.00216699428
9 26 -0.0123318419
10 26 -1.62241054
11 26 -0.289834293
12 26 0.41842264
13 26 -0.000217341434
14 26 0.00593023108
15 26 -1.06589051
16 26 -176.93817
17 26 0.459781163
18 26 -0.865326747
19 26 -0.140404611
20 26 0.0361290015
21 26 -2.68744057
22 26 -238.768623
23 26 1.92147513
24 26 5.05122967
25 26 2.12312082
26 26 57.6010879
27 26 0.26368802
28 26 0.939412284
29 26 -0.0380607749
30 26 15.0874658
31 26 1.17467347
32 26 0.000801119927
33 26 -0.0265694981
34 26 -0.00127387285
35 26 0.000401355203
36 26 -0.112641602
37 26 1.3714648
38 26 0.0200228841
39 26 -0.0695743316
40 26 -0.0288055156
41 26 0.0103015206
42 26 -1.13346747
43 26 4.66559505
44 26 0.222977036
45 26 -0.402636421
46 26 -0.424268778
47 26 0.123848576
48 26 -9.787802
49 26 0.447464891
50 26 0.0177430887
51 26 -0.0541136371
52 26 -0.144510813
53 26 0.01217189
54 26 -2.39556338
55 26 0.303712061
56 26 0.234065119
57 26 0.108150297
58 26 -0.1503176
59 26 0.170940079
60 26 0.605906415
1 27 0.121510018
2 27 -0.0835998621
3 27 -2.37619528
4 27 3.24429248
5 27 -40.7949431
6 27 0.799619327
7 27 0.366804778
8 27 0.120727804
9 27 0.687032821
10 27 0.250633377
11 27 -1.43906107
12 27 0.0564372302
13 27 -0.0003546535
14 27 0.00967683506
15 27 -1.73929928
16 27 -0.449290734
17 27 -176.93286
18 27 -0.499757694
19 27 0.523739471
20 27 -0.134768966
21 27 10.0247328
22 27 -2.03298564
23 27 -238.571845
24 27 -1.57272521
25 27 -4.15176918
26 27 0.26368802
27 27 21.0906078
28 27 -1.89857282
29 27 0.137670842
30 27 -36.7167386
31 27 -165.092989
32 27 -0.112592381
33 27 3.73417632
34 27 0.0422485587
35 27 -0.0133111235
36 27 3.73580875
37 27 -77.5145026
38 27 -1.13168337
39 27 3.93230633
40 27 0.1000917
41 27 -0.0357951138
42 27 3.93850564
43 27 -204.054958
44 27 -9.75214718
45 27 17.609749
46 27 0.766115048
47 27 -0.223637143
48 27 17.674132
49 27 -60.0214257
50 27 -2.37999784
51 27 7.25862008
52 27 0.44073531
53 27 -0.0371223553
54 27 7.30609251
55 27 0.672091579
56 27 0.517968219
57 27 0.239328341
58 27 -0.0694545736
59 27 0.0789832349
60 27 0.279960375
1 28 1.21621377
2 28 0.0993717986
3 28 0.070942827
4 28 1.22059121
5 28 -0.752615404
6 28 -40.9015675
7 28 -0.358068776
8 28 -0.00335883071
9 28 0.187127516
10 28 -0.391244577
11 28 -0.12123839
12 28 -1.5955682
13 28 0.868082217
14 28 0.0052293719
15 28 0.00853318676
16 28 0.868122087
17 28 0.49494818
18 28 -176.937536
19 28 -5.02498
20 28 -0.056672004
21 28 0.211398794
22 28 -5.02843361
23 28 1.6443274
24 28 -238.725699
25 28 18.2988002
26 28 0.939412284
27 28 -1.89857282
28 28 75.9780179
29 28 0.459470615
30 28 -0.940275302
31 28 0.0871402613
32 28 -165.203573
33 28 -1.12860698
34 28 -1.86821273
35 28 -0.000561700523
36 28 0.0211277666
37 28 1.08965992
38 28 -77.7339948
39 28 -0.89154347
40 28 -1.97500869
41 28 -0.0139521908
42 28 0.0501921273
43 28 9.75479258
44 28 -205.617978
45 28 -0.834935078
46 28 -8.90904342
47 28 -0.207521595
48 28 0.386177506
49 28 2.46369761
50 28 -60.861518
51 28 0.416657874
52 28 -3.66642662
53 28 -0.0712775232
54 28 0.221174817
55 28 -0.209238985
56 28 0.65322244
57 28 -0.826148311
58 28 -0.231149228
59 28 -0.0670136636
60 28 -0.0573451549
1 29 -0.749916283
2 29 -0.0612725586
3 29 -0.0437432811
4 29 0.0490863169
5 29 -0.0302665774
6 29 -1.64486463
7 29 -0.110957914
8 29 -0.00104083035
9 29 0.0579868455
10 29 -0.00902394193
11 29 -0.00279632807
12 29 -0.0368013148
13 29 0.494925448
14 29 0.00298145634
15 29 0.00486508213
16 29 0.00262665427
17 29 0.00149755175
18 29 -0.535355271
19 29 1.64319805
20 29 0.018532079
21 29 -0.0691286505
22 29 -0.027613836
23 29 0.00902988695
24 29 -1.31097133
25 29 -7.27583025
26 29 -0.0380607749
27 29 0.137670842
28 29 0.459470615
29 29 57.561709
30 29 0.037979442
31 29 -3.73649073
32 29 1.12634764
33 29 -165.161351
34 29 0.588612042
35 29 0.000176973257
36 29 -0.00665666048
37 29 -3.95095618
38 29 0.835102313
39 29 -77.6417975
40 29 0.706308926
41 29 0.00498962709
42 29 -0.0179498691
43 29 -17.6986299
44 29 -0.00686095428
45 29 -205.088675
46 29 2.60064468
47 29 0.0605777642
48 29 -0.112729328
49 29 -7.28493298
50 29 -0.708884281
51 29 -60.4714397
52 29 0.308816626
53 29 0.00600357965
54 29 -0.0186291634
55 29 -0.662694579
56 29 0.57299429
57 29 0.620898526
58 29 0.262861217
59 29 0.0762074498
60 29 0.0652124921
1 30 -40.7548814
2 30 -3.32991284
3 30 -2.37726834
4 30 0.0364250806
5 30 -0.0224596709
6 30 -1.22059121
7 30 -1.46027111
8 30 -0.0136979368
9 30 0.763140839
10 30 0.0959359295
11 30 0.0297285084
12 30 0.391244577
13 30 -176.92941
14 30 -1.06583186
15 30 -1.73920358
16 30 0.0042593334
17 30 0.00242840189
18 30 -0.868122087
19 30 -238.561739
20 30 -2.69051256
21 30 10.036192
22 30 0.105917145
23 30 -0.0346355302
24 30 5.02843361
25 30 997.020777
26 30 15.0874658
27 30 -36.7167386
28 30 -0.940275302
29 30 0.037979442
30 30 39.1639133
31 30 -0.0142864169
32 30 1.87248666
33 30 -0.57516286
34 30 -165.195824
35 30 -0.0496681021
36 30 1.86821273
37 30 -0.0629579766
38 30 1.98783405
39 30 -0.668960477
40 30 -77.7145648
41 30 -0.549004386
42 30 1.97500869
43 30 -0.63144743
44 30 8.96851555
45 30 -2.35027171
46 30 -205.529979
47 30 -4.78748471
48 30 8.90904342
49 30 -0.177268829
50 30 3.67328474
51 30 -0.261415816
52 30 -60.7785477
53 30 -1.18157127
54 30 3.66642662
55 30 0.0648253832
56 30 0.0876726739
57 30 -0.371791542
58 30 0.93172589
59 30 0.270121453
60 30 0.231149228
1 31 -3.87878882
2 31 1.9798191
3 31 -106.801851
4 31 2.80625262
5 31 -2.77574948
6 31 -0.0629869379
7 31 -0.608618524
8 31 -0.247563841
9 31 -1.07255498
10 31 0.108783331
11 31 -0.655429083
12 31 0.0417163863
13 31 -1.27362753
14 31 0.757340255
15 31 -24.2565284
16 31 -0.815420104
17 31 -1.01910026
18 31 0.00157886414
19 31 -2.42691238
20 31 1.15556552
21 31 -18.3276022
22 31 -0.170695547
23 31 -2.25407516
24 31 -0.0602424484
25 31 -5.38716807
26 31 1.17467347
27 31 -165.092989
28 31 0.0871402613
29 31 -3.73649073
30 31 -0.0142864169
31 31 96.9585041
32 31 0.731693027
33 31 -2.70863288
34 31 16.2022554
35 31 -2.62011125
36 31 694.628948
37 31 -8.33534425
38 31 -0.251572454
39 31 0.291445079
40 31 -3.24506713
41 31 -0.404395493
42 31 -186.066194
43 31 -7.55660961
44 31 -0.259515579
45 31 0.520535749
46 31 -3.29850993
47 31 0.257454004
48 31 -95.7821201
49 31 -10.0358378
50 31 -0.301007965
51 31 1.01328211
52 31 -4.56886538
53 31 0.260500823
54 31 -90.6756447
55 31 0.593124388
56 31 0.15047276
57 31 -0.0781578712
58 31 0.521879511
59 31 2.05935749
60 31 12.0442939
61 31 -0.203933686
62 31 -0.0416534877
63 31 0.0137081408
64 31 -0.259575653
65 31 -2.15642857
66 31 -14.364105
73 31 -0.121944311
74 31 -0.00241536413
75 31 0.0325983286
76 31 -0.0600651873
77 31 -0.0342431733
78 31 -0.459855138
1 32 -0.102458448
2 32 0.0522970448
3 32 -2.82117754
4 32 -106.905149
5 32 0.611037442
6 32 1.41170227
7 32 0.0177393599
8 32 0.00721572529
9 32 0.0312616821
10 32 -1.35113557
11 32 -0.289589436
12 32 0.376319607
13 32 0.0402336097
14 32 -0.0239242099
15 32 0.766258326
16 32 -24.2882675
17 32 1.14190958
18 32 0.533207049
19 32 0.00317560435
20 32 -0.00151205249
21 32 0.0239815882
22 32 -18.5779865
23 32 1.20862763
24 32 1.16800932
25 32 -0.00367401478
26 32 0.000801119927
27 32 -0.112592381
28 32 -165.203573
29 32 1.12634764
30 32 1.87248666
31 32 0.731693027
32 32 57.4174179
33 32 0.409234273
34 32 0.271955764
35 32 -0.0783761516
36 32 13.2062074
37 32 -0.962795
38 32 -0.029058512
39 32 0.0336641002
40 32 -0.0979407062
41 32 -0.0122052268
42 32 -5.61574035
43 32 0.369284986
44 32 0.0126823023
45 32 -0.0254381325
46 32 -0.113280262
47 32 0.0088417066
48 32 -3.28943186
49 32 0.358049089
50 32 0.0107390762
51 32 -0.0361509165
52 32 -0.137035382
53 32 0.00781328118
54 32 -2.71966245
55 32 4.18856833
56 32 1.06261933
57 32 -0.551940858
58 32 0.132398283
59 32 0.522448936
60 32 3.05557854
61 32 -4.32443097
62 32 -0.883265709
63 32 0.290682278
64 32 -0.0530183681
65 32 -0.440450877
66 32 -2.93387073
73 32 -0.0701190289
74 32 -0.00138885517
75 32 0.0187443196
76 32 -0.00118971764
77 32 -0.000678258227
78 32 -0.00910840031
1 33 0.100124421
2 33 -0.0511057062
3 33 2.75691047
4 33 -0.683892753
5 33 -106.906387
6 33 -0.995483483
7 33 0.333125602
8 33 0.135503358
9 33 0.587059891
10 33 0.270696187
11 33 -1.18204409
12 33 0.056176098
13 33 0.0553522309
14 33 -0.0329142327
15 33 1.05419593
16 33 -1.10811818
17 33 -24.2790085
18 33 -0.351240757
19 33 0.296857808
20 33 -0.141347768
21 33 2.24181633
22 33 -1.19675748
23 33 -18.4407514
24 33 -0.504996922
25 33 0.121850332
26 33 -0.0265694981
27 33 3.73417632
28 33 -1.12860698
29 33 -165.161351
30 33 -0.57516286
31 33 -2.70863288
32 33 0.409234273
33 33 25.300115
34 33 -1.17964278
35 33 0.215911835
36 33 -32.4067528
37 33 -185.936271
38 33 -5.6118191
39 33 6.50125652
40 33 0.113463681
41 33 0.0141396771
42 33 6.50579926
43 33 -95.5589302
44 33 -3.28176688
45 33 6.58256042
46 33 0.227217287
47 33 -0.0177346746
48 33 6.59793482
49 33 -90.2485276
50 33 -2.7068518
51 33 9.11206617
52 33 0.461301749
53 33 -0.0263018223
54 33 9.15519063
55 33 11.5912547
56 33 2.9406447
57 33 -1.52741618
58 33 -0.0687697089
59 33 -0.27136803
60 33 -1.58711459
61 33 -13.9513676
62 33 -2.84956903
63 33 0.937791664
64 33 0.0174483169
65 33 0.144952151
66 33 0.965535307
73 33 -0.44335338
74 33 -0.00878154821
75 33 0.118517863
76 33 0.0160567122
77 33 0.00915393432
78 33 0.122929136
1 34 -1.3922629
2 34 -0.036776711
3 34 0.0359389291
4 34 -1.39291106
5 34 1.02292008
6 34 -106.911905
7 34 -0.311645276
8 34 0.00908350222
9 34 0.170578147
10 34 -0.342473525
11 34 -0.136995899
12 34 -1.33192669
13 34 -0.521637106
14 34 0.0164784
15 34 0.0226705037
16 34 -0.522141873
17 34 0.366965685
18 34 -24.3125167
19 34 -1.12562403
20 34 0.00147287418
21 34 0.137685351
22 34 -1.13136521
23 34 0.579081682
24 34 -18.5737213
25 34 -1.86786596
26 34 -0.00127387285
27 34 0.0422485587
28 34 -1.86821273
29 34 0.588612042
30 34 -165.195824
31 34 16.2022554
32 34 0.271955764
33 34 -1.17964278
34 34 73.8354401
35 34 0.137696314
36 34 -0.600517383
37 34 5.74196834
38 34 -186.163965
39 34 3.52573227
40 34 -3.24765418
41 34 -0.0491066146
42 34 0.0566403579
43 34 3.36673391
44 34 -96.0151267
45 34 1.00602616
46 34 -3.30581459
47 34 -0.0563761384
48 34 0.113844444
49 34 2.80283794
50 34 -91.1415632
51 34 0.68538719
52 34 -4.58779696
53 34 -0.0679482905
54 34 0.231164904
55 34 -3.4745417
56 34 10.8195328
57 34 -5.53738792
58 34 0.529844905
59 34 0.0717414656
60 34 -0.0229581909
61 34 3.09456875
62 34 -13.2751566
63 34 5.69955043
64 34 -0.261095454
65 34 -0.0276656105
66 34 0.00471829068
73 34 0.0295606947
74 34 -0.46917526
75 34 0.0758176745
76 34 -0.0614830581
77 34 -0.00119966935
78 34 0.00803077121
1 35 1.02244408
2 35 0.027007924
3 35 -0.0263926773
4 35 -0.0182186957
5 35 0.0133793679
6 35 -1.39836312
7 35 -0.124664015
8 35 0.003633573
9 35 0.0682344909
10 35 -0.00434429837
11 35 -0.00173780166
12 35 -0.0168955745
13 35 0.366610931
14 35 -0.0115811576
15 35 -0.0159330201
16 35 0.00841236245
17 35 -0.00591227884
18 35 0.39170523
19 35 0.576143098
20 35 -0.000753880752
21 35 -0.0704733218
22 35 0.00288672223
23 35 -0.00147754938
24 35 0.0473915706
25 35 0.588502787
26 35 0.000401355203
27 35 -0.0133111235
28 35 -0.000561700523
29 35 0.000176973257
30 35 -0.0496681021
31 35 -2.62011125
32 35 -0.0783761516
33 35 0.215911835
34 35 0.137696314
35 35 57.5252006
36 35 0.0943571432
37 35 -6.39598706
38 35 -3.7225312
39 35 -186.138811
40 35 -0.404717887
41 35 -0.0061195941
42 35 0.00705843811
43 35 -6.5600317
44 35 -1.23429213
45 35 -95.8472433
46 35 0.258024144
47 35 0.00440024826
48 35 -0.00888574194
49 35 -9.13116571
50 35 -0.963052336
51 35 -90.7237815
52 35 0.261580236
53 35 0.00387417535
54 35 -0.0131802193
55 35 0.0201100733
56 35 5.76431903
57 35 11.2503163
58 35 2.09078925
59 35 0.283094701
60 35 -0.0905939425
61 35 0.265722751
62 35 -5.77555121
63 35 -13.5964486
64 35 -2.16905435
65 35 -0.229832468
66 35 0.0391972696
73 35 -0.119693299
74 35 -0.0808650722
75 35 -0.453742144
76 35 -0.0350515017
77 35 -0.000683931695
78 35 0.00457834401
1 36 -106.862155
2 36 -2.82277048
3 36 2.75846713
4 36 0.0181476631
5 36 -0.0133272033
6 36 1.39291106
7 36 -1.21203139
8 36 0.0353269908
9 36 0.663401901
10 36 0.088058987
11 36 0.0352252633
12 36 0.342473525
13 36 -24.2890132
14 36 0.767284515
15 36 1.05560774
16 36 0.0112136534
17 36 -0.00788104961
18 36 0.522141873
19 36 -18.4794679
20 36 0.0241803038
21 36 2.26039241
22 36 0.068913882
23 36 -0.0352731075
24 36 1.13136521
25 36 -165.165161
26 36 -0.112641602
27 36 3.73580875
28 36 0.0211277666
29 36 -0.00665666048
30 36 1.86821273
31 36 694.628948
32 36 13.2062074
33 36 -32.4067528
34 36 -0.600517383
35 36 0.0943571432
36 36 41.3064912
37 36 -0.0843464913
38 36 3.24898373
39 36 0.392176019
40 36 -186.21453
41 36 -2.81568316
42 36 3.24765418
43 36 -0.129839103
44 36 3.30738067
45 36 -0.235961891
46 36 -95.9942327
47 36 -1.63705012
48 36 3.30581459
49 36 -0.160728888
50 36 4.593164
51 36 -0.227449103
52 36 -91.0513689
53 36 -1.34853066
54 36 4.58779696
55 36 0.0653577819
56 36 -1.21545653
57 36 -1.84406001
58 36 12.2281248
59 36 1.65569884
60 36 -0.529844905
61 36 -0.0465738695
62 36 0.896776893
63 36 2.0320702
64 36 -14.4482061
65 36 -1.53092839
66 36 0.261095454
73 36 0.00539778011
74 36 0.0668031484
75 36 0.0251418567
76 36 -0.470710264
77 36 -0.00918458989
78 36 0.0614830581
1 37 -1.49932788
2 37 -6.41381671
3 37 69.3668536
4 37 0.129265
5 37 -2.19444521
6 37 -0.0991479205
7 37 -1.40188319
8 37 0.854480645
9 37 -10.7662347
10 37 -0.0492567261
11 37 -1.29967546
12 37 -0.0483406808
13 37 -2.88182545
14 37 1.27227807
15 37 -45.5126429
16 37 1.29503744
17 37 -2.41157829
18 37 -0.0684826329
19 37 -9.36839391
20 37 3.77573249
21 37 -108.252287
22 37 4.30831715
23 37 -8.2245953
24 37 -0.309207964
25 37 -4.73007976
26 37 1.3714648
27 37 -77.5145026
28 37 1.08965992
29 37 -3.95095618
30 37 -0.0629579766
31 37 -8.33534425
32 37 -0.962795
33 37 -185.936271
34 37 5.74196834
35 37 -6.39598706
36 37 -0.0843464913
37 37 103.21156
38 37 0.895076088
39 37 -2.42337303
40 37 18.5504322
41 37 -9.15289194
42 37 745.125885
43 37 -14.0596778
44 37 -0.21570464
45 37 0.535237007
46 37 -5.56883128
47 37 -0.0603551863
48 37 -292.713108
49 37 -7.52547489
50 37 -0.12442671
51 37 0.523482568
52 37 -3.2925771
53 37 -0.108891273
54 37 -94.8135029
55 37 4.18366307
56 37 0.518680691
57 37 -0.522171826
58 37 2.48662639
59 37 8.35760542
60 37 48.4535867
61 37 -0.485265288
62 37 -0.0147032189
63 37 0.154958903
64 37 -0.24501824
65 37 -0.178274848
66 37 -1.5900077
67 37 -1.13732026
68 37 -0.0347071012
69 37 0.0427883805
70 37 -0.4576929
71 37 -0.871623879
72 37 -25.0523333
79 37 -0.124995492
80 37 -0.0197140152
81 37 0.0526573586
82 37 -0.061411628
83 37 0.0196537578
84 37 -0.298263548
1 38 0.00720520655
2 38 0.0308223937
3 38 -0.33335104
4 38 69.3204797
5 38 -6.52268103
6 38 0.794098079
7 38 -0.00686584228
8 38 0.00418489171
9 38 -0.0527285512
10 38 -10.9061326
11 38 0.857961664
12 38 0.684996973
13 38 -0.0840874501
14 38 0.0371232124
15 38 -1.32799233
16 38 -45.6567993
17 38 0.639251984
18 38 1.22434209
19 38 -0.383561509
20 38 0.154586332
21 38 -4.43207351
22 38 -108.913525
23 38 1.68072041
24 38 4.18698603
25 38 -0.0690574331
26 38 0.0200228841
27 38 -1.13168337
28 38 -77.7339948
29 38 0.835102313
30 38 1.98783405
31 38 -0.251572454
32 38 -0.029058512
33 38 -5.6118191
34 38 -186.163965
35 38 -3.7225312
36 38 3.24898373
37 38 0.895076088
38 38 55.7812538
39 38 2.3210935
40 38 0.298736274
41 38 -0.892286752
42 38 11.3209996
43 38 -0.250992107
44 38 -0.00385073989
45 38 0.00955500304
46 38 -0.0854374305
47 38 -0.000925973831
48 38 -4.49082664
49 38 -0.287888483
50 38 -0.00475996764
51 38 0.0200259259
52 38 -0.0544396924
53 38 -0.00180041567
54 38 -1.56765287
55 38 16.8223349
56 38 2.08559345
57 38 -2.09963116
58 38 0.308286081
59 38 1.03615623
60 38 6.00716153
61 38 -0.366050912
62 38 -0.0110911017
63 38 0.116890388
64 38 -0.00742389142
65 38 -0.00540161057
66 38 -0.0481761868
67 38 -1.76387112
68 38 -0.0538272777
69 38 0.0663605419
70 38 -0.0139672125
71 38 -0.0265989618
72 38 -0.764511016
79 38 0.0304819134
80 38 0.0048075406
81 38 -0.0128412394
82 38 -0.00968570744
83 38 0.00309974763
84 38 -0.0470414735
1 39 -0.0468084484
2 39 -0.200236928
3 39 2.16560689
4 39 6.52996985
5 39 69.2865439
6 39 3.29805596
7 39 0.167714354
8 39 -0.102225828
9 39 1.28801894
10 39 -0.858197043
11 39 -10.8285457
12 39 -0.376025695
13 39 0.151186593
14 39 -0.0667463692
15 39 2.38768847
16 39 -0.708343144
17 39 -45.6124747
18 39 -0.624415093
19 39 0.702954167
20 39 -0.283310769
21 39 8.12267255
22 39 -2.01012236
23 39 -108.693557
24 39 -1.83627238
25 39 0.239956678
26 39 -0.0695743316
27 39 3.93230633
28 39 -0.89154347
29 39 -77.6417975
30 39 -0.668960477
31 39 0.291445079
32 39 0.0336641002
33 39 6.50125652
34 39 3.52573227
35 39 -186.138811
36 39 0.392176019
37 39 -2.42337303
38 39 2.3210935
39 39 21.1763005
40 39 -0.945273319
41 39 1.17191417
42 39 -36.2216011
43 39 -292.45146
44 39 -4.48681241
45 39 11.1333166
46 39 0.211999494
47 39 0.00229765786
48 39 11.1432773
49 39 -94.579366
50 39 -1.56378163
51 39 6.57907309
52 39 0.229036272
53 39 0.00757462938
54 39 6.59535999
55 39 46.2143978
56 39 5.72955216
57 39 -5.76811661
58 39 -0.310361092
59 39 -1.04313039
60 39 -6.04759451
61 39 -1.50111795
62 39 -0.0454828861
63 39 0.47934933
64 39 0.0782412395
65 39 0.0569281907
66 39 0.507734335
67 39 -24.988107
68 39 -0.762551048
69 39 0.940105146
70 39 0.0172193696
71 39 0.0327923238
72 39 0.942521477
79 39 -0.277339072
80 39 -0.0437413108
81 39 0.116835757
82 39 0.0258711259
83 39 -0.00827961837
84 39 0.125650696
1 40 -1.09377083
2 40 0.00525625174
3 40 -0.0341471111
4 40 -1.09301721
5 40 -3.2086723
6 40 69.5447227
7 40 -0.648493695
8 40 -0.00317605308
9 40 0.0775825704
10 40 -0.651459634
11 40 0.430615958
12 40 -10.9120496
13 40 -1.20452582
14 40 -0.0351463011
15 40 0.0631919448
16 40 -1.20602556
17 40 0.661061244
18 40 -45.6507415
19 40 -4.1076941
20 40 -0.16817753
21 40 0.308219393
22 40 -4.11823309
23 40 1.9983265
24 40 -108.878604
25 40 -1.97302999
26 40 -0.0288055156
27 40 0.1000917
28 40 -1.97500869
29 40 0.706308926
30 40 -77.7145648
31 40 -3.24506713
32 40 -0.0979407062
33 40 0.113463681
34 40 -3.24765418
35 40 -0.404717887
36 40 -186.21453
37 40 18.5504322
38 40 0.298736274
39 40 -0.945273319
40 40 76.1667653
41 40 0.121380728
42 40 -0.507681474
43 40 4.58089561
44 40 -292.923483
45 40 2.28116109
46 40 -5.57234758
47 40 -0.0427495624
48 40 0.106013235
49 40 1.63748562
50 40 -95.039963
51 40 0.95007363
52 40 -3.29887828
53 40 -0.0273687777
54 40 0.114559749
55 40 -7.95212931
56 40 44.6756754
57 40 -19.3358183
58 40 2.47864568
59 40 0.178954972
60 40 -0.127203499
61 40 0.175042898
62 40 -1.61383016
63 40 0.395032124
64 40 -0.252638793
65 40 -0.0081457028
66 40 0.0389313288
67 40 0.842275813
68 40 -24.9804953
69 40 2.12526781
70 40 -0.457818408
71 40 -0.00728088368
72 40 0.00836410054
79 40 0.0382511799
80 40 -0.32400546
81 40 -0.0305033059
82 40 -0.0656978706
83 40 -0.0040724667
84 40 0.0135270073
1 41 -3.21088464
2 41 0.0154303054
3 41 -0.100242602
4 41 0.00183865521
5 41 0.0053975747
6 41 -0.116986965
7 41 0.428655467
8 41 0.00209937665
9 41 -0.0512822148
10 41 -5.72854375e-05
11 41 3.78657744e-05
12 41 -0.000959539932
13 41 0.660239192
14 41 0.0192648136
15 41 -0.0346375294
16 41 -0.0171215134
17 41 0.00938485002
18 41 -0.648087247
19 41 1.99321258
20 41 0.0816062637
21 41 -0.14956001
22 41 -0.0813204965
23 41 0.0394598605
24 41 -2.14996624
25 41 0.705601296
26 41 0.0103015206
27 41 -0.0357951138
28 41 -0.0139521908
29 41 0.00498962709
30 41 -0.549004386
31 41 -0.404395493
32 41 -0.0122052268
33 41 0.0141396771
34 41 -0.0491066146
35 41 -0.0061195941
36 41 -2.81568316
37 41 -9.15289194
38 41 -0.892286752
39 41 1.17191417
40 41 0.121380728
41 41 57.0441363
42 41 0.483778691
43 41 -11.1069367
44 41 -2.45348519
45 41 -292.747283
46 41 -0.060393296
47 41 -0.000463321238
48 41 0.00114897511
49 41 -6.57861026
50 41 -1.06127019
51 41 -94.8249659
52 41 -0.109099664
53 41 -0.00090513326
54 41 0.0037886909
55 41 3.13077889
56 41 20.0208925
57 41 44.9709717
58 41 8.33078209
59 41 0.601471557
60 41 -0.427533728
61 41 -0.479317737
62 41 -0.429379829
63 41 -1.54176057
64 41 -0.183819549
65 41 -0.00592679928
66 41 0.0283263676
67 41 -0.873938092
68 41 -2.1544296
69 41 -24.9769094
70 41 -0.871862895
71 41 -0.0138656118
72 41 0.0159284747
79 41 -0.128868202
80 41 0.0131225442
81 41 -0.300988252
82 41 0.0210254976
83 41 0.00130332442
84 41 -0.00432909098
1 42 69.5926729
2 42 -0.334436243
3 42 2.17265688
4 42 -0.0171786813
5 42 -0.0504299093
6 42 1.09301721
7 42 -10.8623696
8 42 -0.0531993801
9 42 1.29952005
10 42 0.0388927536
11 42 -0.0257081782
12 42 0.651459634
13 42 -45.5939732
14 42 -1.33036543
15 42 2.39195523
16 42 0.0318614243
17 42 -0.0174642674
18 42 1.20602556
19 42 -108.599972
20 42 -4.44630845
21 42 8.14876096
22 42 0.155768381
23 42 -0.0755848631
24 42 4.11823309
25 42 -77.6367049
26 42 -1.13346747
27 42 3.93850564
28 42 0.0501921273
29 42 -0.0179498691
30 42 1.97500869
31 42 -186.066194
32 42 -5.61574035
33 42 6.50579926
34 42 0.0566403579
35 42 0.00705843811
36 42 3.24765418
37 42 745.125885
38 42 11.3209996
39 42 -36.2216011
40 42 -0.507681474
41 42 0.483778691
42 42 38.9751659
43 42 -0.0832275728
44 42 5.57290626
45 42 0.0596910901
46 42 -292.897935
47 42 -2.24703473
48 42 5.57234758
49 42 -0.0473951606
50 42 3.3008332
51 42 0.103233096
52 42 -94.9949526
53 42 -0.788115087
54 42 3.29887828
55 42 -0.241289655
56 42 -5.23660967
57 42 -7.13482184
58 42 48.2980773
59 42 3.48705793
60 42 -2.47864568
61 42 0.0297515391
62 42 0.292827003
63 42 0.120953933
64 42 -1.63946009
65 42 -0.0528602693
66 42 0.252638793
67 42 0.0157342118
68 42 0.518010526
69 42 0.838393069
70 42 -25.0592032
71 42 -0.39852732
72 42 0.457818408
79 42 -0.0148219717
80 42 0.0684693734
81 42 -0.00954991663
82 42 -0.31908094
83 42 -0.0197791267
84 42 0.0656978706
13 43 0.463486112
14 43 -0.641742964
15 43 6.51542376
16 43 -0.253030517
17 43 0.393340392
18 43 0.0270788305
19 43 5.56544569
20 43 -3.65425211
21 43 -14.4697612
22 43 5.77999573
23 43 8.34922023
24 43 0.102189777
25 43 -19.8933319
26 43 4.66559505
27 43 -204.054958
28 43 9.75479258
29 43 -17.6986299
30 43 -0.63144743
31 43 -7.55660961
32 43 0.369284986
33 43 -95.5589302
34 43 3.36673391
35 43 -6.5600317
36 43 -0.129839103
37 43 -14.0596778
38 43 -0.250992107
39 43 -292.45146
40 43 4.58089561
41 43 -11.1069367
42 43 -0.0832275728
43 43 90.3838044
44 43 -2.58220885
45 43 -3.76837759
46 43 13.3708873
47 43 -4.10449999
48 43 665.919967
49 43 -8.32764943
50 43 -0.00717540773
51 43 0.279782082
52 43 -3.20934621
53 43 -0.517947408
54 43 -191.118122
55 43 12.1879267
56 43 0.652984696
57 43 -0.836558877
58 43 5.44167695
59 43 5.50940709
60 43 163.161285
61 43 -1.67484142
62 43 0.0243949159
63 43 0.14901164
64 43 -0.751213074
65 43 -0.990022906
66 43 -16.7589377
67 43 -0.123857107
68 43 0.00367789818
69 43 -0.000194618651
70 43 0.00894539077
71 43 -0.127590581
72 43 -13.7995785
73 43 0.606269979
74 43 -0.0549133139
75 43 0.0671815559
76 43 0.320778304
77 43 0.268626891
78 43 -5.59955743
13 44 0.0200524189
14 44 -0.0277645833
15 44 0.281885483
16 44 6.54249025
17 44 -0.513171102
18 44 -0.224338985
19 44 3.36914537
20 44 -2.21216902
21 44 -8.75953723
22 44 -13.9315947
23 44 -7.88808774
24 44 -1.68635853
25 44 -0.950737501
26 44 0.222977036
27 44 -9.75214718
28 44 -205.617978
29 44 -0.00686095428
30 44 8.96851555
31 44 -0.259515579
32 44 0.0126823023
33 44 -3.28176688
34 44 -96.0151267
35 44 -1.23429213
36 44 3.30738067
37 44 -0.21570464
38 44 -0.00385073989
39 44 -4.48681241
40 44 -292.923483
41 44 -2.45348519
42 44 5.57290626
43 44 -2.58220885
44 44 58.9800162
45 44 1.79265998
46 44 -1.09064241
47 44 1.10701202
48 44 16.6632369
49 44 -1.04044712
50 44 -0.000896487344
51 44 0.0349556576
52 44 -0.00276529023
53 44 -0.000446282455
54 44 -0.164674373
55 44 11.3924975
56 44 0.610368494
57 44 -0.781961944
58 44 0.291545219
59 44 0.295173953
60 44 8.74158702
61 44 -1.96520477
62 44 0.0286242056
63 44 0.174845441
64 44 0.0109417999
65 44 0.0144201864
66 44 0.244102439
67 44 -0.251311171
68 44 0.00746260687
69 44 -0.000394889257
70 44 -0.00026563059
71 44 0.00378876253
72 44 0.409774182
73 44 0.513209894
74 44 -0.0464843336
75 44 0.0568694481
76 44 -0.0290547121
77 44 -0.0243310625
78 44 0.507183706
13 45 -0.0263152247
14 45 0.0364360655
15 45 -0.369924441
16 45 0.528843092
17 45 6.53680479
18 45 0.305987223
19 45 1.36292263
20 45 -0.894890212
21 45 -3.54350145
22 45 10.8365031
23 45 -14.594385
24 45 3.75139079
25 45 1.71677565
26 45 -0.402636421
27 45 17.609749
28 45 -0.834935078
29 45 -205.088675
30 45 -2.35027171
31 45 0.520535749
32 45 -0.0254381325
33 45 6.58256042
34 45 1.00602616
35 45 -95.8472433
36 45 -0.235961891
37 45 0.535237007
38 45 0.00955500304
39 45 11.1333166
40 45 2.28116109
41 45 -292.747283
42 45 0.0596910901
43 45 -3.76837759
44 45 1.79265998
45 45 30.061545
46 45 -1.6115535
47 45 1.07577961
48 45 -27.4261968
49 45 -190.97103
50 45 -0.164547633
51 45 6.41600884
52 45 0.107823651
53 45 0.0174013574
54 45 6.42095065
55 45 162.562665
56 45 8.70951514
57 45 -11.158029
58 45 -0.373507591
59 45 -0.378156475
60 45 -11.1991173
61 45 -16.6064337
62 45 0.24188114
63 45 1.47748431
64 45 0.0668358751
65 45 0.0880829283
66 45 1.49105268
67 45 -13.7995391
68 45 0.409773011
69 45 -0.0216834362
70 45 1.40560354e-05
71 45 -0.000200485118
72 45 -0.0216834982
73 45 -5.56405599
74 45 0.503968139
75 45 -0.616560198
76 45 0.0355458563
77 45 0.0297668911
78 45 -0.620494159
13 46 0.192787412
14 46 0.00834081938
15 46 -0.0109458384
16 46 0.192915385
17 46 -0.32700267
18 46 6.55504637
19 46 2.3702699
20 46 1.43488667
21 46 0.580455664
22 46 2.67667796
23 46 -2.82284739
24 46 -17.0062893
25 46 -8.87744471
26 46 -0.424268778
27 46 0.766115048
28 46 -8.90904342
29 46 2.60064468
30 46 -205.529979
31 46 -3.29850993
32 46 -0.113280262
33 46 0.227217287
34 46 -3.30581459
35 46 0.258024144
36 46 -95.9942327
37 46 -5.56883128
38 46 -0.0854374305
39 46 0.211999494
40 46 -5.57234758
41 46 -0.060393296
42 46 -292.897935
43 46 13.3708873
44 46 -1.09064241
45 46 -1.6115535
46 46 70.665644
47 46 -0.526373282
48 46 -0.945882782
49 46 0.202531658
50 46 -191.222634
51 46 1.12413303
52 46 -3.21069335
53 46 -0.00152896113
54 46 0.0539154866
55 46 -9.77235812
56 46 162.83612
57 46 -15.2712392
58 46 5.45400823
59 46 0.152135464
60 46 -0.181899467
61 46 -0.0738632847
62 46 -16.7185382
63 46 1.90681777
64 46 -0.752186393
65 46 0.00349420275
66 46 0.0337164718
67 46 -0.409895616
68 46 -13.8010247
69 46 0.0499525939
70 46 0.00894797381
71 46 -0.000132889276
72 46 5.80040341e-06
73 46 -0.417201666
74 46 -5.58887373
75 46 -0.803296849
76 46 0.322857433
77 46 -0.0136936041
78 46 0.0184953295
13 47 -0.326785748
14 47 -0.0141381684
15 47 0.0185538254
16 47 0.00389502136
17 47 -0.00660228517
18 47 0.132348416
19 47 -2.49970684
20 47 -1.51324372
21 47 -0.612153491
22 47 0.688851345
23 47 -0.7264685
24 47 -4.3766211
25 47 2.59142068
26 47 0.123848576
27 47 -0.223637143
28 47 -0.207521595
29 47 0.0605777642
30 47 -4.78748471
31 47 0.257454004
32 47 0.0088417066
33 47 -0.0177346746
34 47 -0.0563761384
35 47 0.00440024826
36 47 -1.63705012
37 47 -0.0603551863
38 47 -0.000925973831
39 47 0.00229765786
40 47 -0.0427495624
41 47 -0.000463321238
42 47 -2.24703473
43 47 -4.10449999
44 47 1.10701202
45 47 1.07577961
46 47 -0.526373282
47 47 58.0907064
48 47 0.67076163
49 47 -6.41986878
50 47 -1.13029929
51 47 -191.114908
52 47 -0.518164818
53 47 -0.000246754759
54 47 0.00870126957
55 47 10.3195754
56 47 15.8819056
57 47 162.743919
58 47 5.52189185
59 47 0.154029026
60 47 -0.184163489
61 47 -1.50911152
62 47 -1.89257035
63 47 -16.6520776
64 47 -0.991305642
65 47 0.00460500607
66 47 0.0444349022
67 47 0.0201935177
68 47 -0.0505743143
69 47 -13.8070933
70 47 -0.127627424
71 47 0.00189543647
72 47 -8.27327572e-05
73 47 0.685088638
74 47 0.749429782
75 47 -5.56990675
76 47 0.270368
77 47 -0.0114673288
78 47 0.0154884005
13 48 6.55069799
14 48 0.283411599
15 48 -0.371927196
16 48 -0.00567751068
17 48 0.00962370706
18 48 -0.192915385
19 48 -15.0595239
20 48 -9.11656099
21 48 -3.6879285
22 48 0.421291487
23 48 -0.444297593
24 48 -2.67667796
25 48 -204.801003
26 48 -9.787802
27 48 17.674132
28 48 0.386177506
29 48 -0.112729328
30 48 8.90904342
31 48 -95.7821201
32 48 -3.28943186
33 48 6.59793482
34 48 0.113844444
35 48 -0.00888574194
36 48 3.30581459
37 48 -292.713108
38 48 -4.49082664
39 48 11.1432773
40 48 0.106013235
41 48 0.00114897511
42 48 5.57234758
43 48 665.919967
44 48 16.6632369
45 48 -27.4261968
46 48 -0.945882782
47 48 0.67076163
48 48 44.4762873
49 48 0.0140490139
50 48 3.21392597
51 48 0.500591355
52 48 -191.198344
53 48 -0.0910503759
54 48 3.21069335
55 48 -0.0413071578
56 48 -5.82397976
57 48 -5.14777666
58 48 163.531022
59 48 4.56157505
60 48 -5.45400823
61 48 0.0921646774
62 48 0.865379691
63 48 0.894227824
64 48 -16.7806517
65 48 0.0779527518
66 48 0.752186393
67 48 -0.000396240291
68 48 -0.00658169283
69 48 0.127790322
70 48 -13.8035633
71 48 0.205001217
72 48 -0.00894797381
73 48 0.0064406539
74 48 -0.296872573
75 48 -0.300782434
76 48 -5.63585104
77 48 0.239037746
78 48 -0.322857433
1 49 -0.169758162
2 49 0.0305852829
3 49 1.13095844
4 49 -0.147840865
5 49 -0.195510008
6 49 -0.00927916195
13 49 -0.584700199
14 49 -0.137414947
15 49 7.70319092
16 49 -0.912497185
17 49 -0.725063346
18 49 -0.0460148446
19 49 -0.641915313
20 49 0.761477491
21 49 3.78012535
22 49 -1.33420563
23 49 -1.00729956
24 49 -0.019842303
25 49 -7.88660579
26 49 0.447464891
27 49 -60.0214257
28 49 2.46369761
29 49 -7.28493298
30 49 -0.177268829
31 49 -10.0358378
32 49 0.358049089
33 49 -90.2485276
34 49 2.80283794
35 49 -9.13116571
36 49 -0.160728888
37 49 -7.52547489
38 49 -0.287888483
39 49 -94.579366
40 49 1.63748562
41 49 -6.57861026
42 49 -0.0473951606
43 49 -8.32764943
44 49 -1.04044712
45 49 -190.97103
46 49 0.202531658
47 49 -6.41986878
48 49 0.0140490139
49 49 103.856448
50 49 1.07097988
51 49 -4.08159407
52 49 18.3855206
53 49 1.57287182
54 49 940.463205
55 49 -18.3030088
56 49 -0.0467073675
57 49 0.699123027
58 49 -7.2544412
59 49 -0.483255543
60 49 -380.013279
61 49 -0.890520042
62 49 -0.0130960874
63 49 0.0200492219
64 49 -0.309985199
65 49 -0.543163392
66 49 -27.896802
67 49 5.2530632
68 49 0.0254112026
69 49 0.385236678
70 49 3.04130088
71 49 -0.773259603
72 49 -83.0028224
73 49 2.82692474
74 49 0.0752966375
75 49 0.346900375
76 49 1.54010428
77 49 -0.116764438
78 49 -25.1741337
1 50 -0.0250228474
2 50 0.00450835977
3 50 0.166706567
4 50 1.14874062
5 50 0.11164864
6 50 0.0900168469
13 50 -0.0716451065
14 50 -0.0168378744
15 50 0.94389558
16 50 7.74189918
17 50 0.325412477
18 50 0.334955841
19 50 -0.269882823
20 50 0.32015079
21 50 1.58929204
22 50 3.58324502
23 50 1.52352033
24 50 0.168056773
25 50 -0.312723408
26 50 0.0177430887
27 50 -2.37999784
28 50 -60.861518
29 50 -0.708884281
30 50 3.67328474
31 50 -0.301007965
32 50 0.0107390762
33 50 -2.7068518
34 50 -91.1415632
35 50 -0.963052336
36 50 4.593164
37 50 -0.12442671
38 50 -0.00475996764
39 50 -1.56378163
40 50 -95.039963
41 50 -1.06127019
42 50 3.3008332
43 50 -0.00717540773
44 50 -0.000896487344
45 50 -0.164547633
46 50 -191.222634
47 50 -1.13029929
48 50 3.21392597
49 50 1.07097988
50 50 57.2717147
51 50 0.0438036033
52 50 0.470888683
53 50 -0.181178539
54 50 6.58885221
55 50 -0.994880236
56 50 -0.00253883049
57 50 0.0380016034
58 50 -0.0185125765
59 50 -0.00123321769
60 50 -0.969754211
61 50 -1.0948174
62 50 -0.0161005072
63 50 0.024648785
64 50 -0.00455867703
65 50 -0.00798782163
66 50 -0.410253492
67 50 -1.53681092
68 50 -0.0074341793
69 50 -0.112702991
70 50 0.014712009
71 50 -0.00374057111
72 50 -0.401518401
73 50 -0.199827615
74 50 -0.00532251435
75 50 -0.0245214432
76 50 0.0410214931
77 50 -0.00311008265
78 50 -0.670526383
1 51 -0.026560536
2 51 0.00478540472
3 51 0.176950917
4 51 -0.137330356
5 51 1.14439154
6 51 -0.0254988962
13 51 -0.0515898587
14 51 -0.0121245344
15 51 0.679675724
16 51 -0.409613551
17 51 7.76568265
18 51 0.0563471574
19 51 -0.0618689289
20 51 0.0733925423
21 51 0.364335142
22 51 -1.78779971
23 51 3.80528721
24 51 -0.527220346
25 51 0.953757338
26 51 -0.0541136371
27 51 7.25862008
28 51 0.416657874
29 51 -60.4714397
30 51 -0.261415816
31 51 1.01328211
32 51 -0.0361509165
33 51 9.11206617
34 51 0.68538719
35 51 -90.7237815
36 51 -0.227449103
37 51 0.523482568
38 51 0.0200259259
39 51 6.57907309
40 51 0.95007363
41 51 -94.8249659
42 51 0.103233096
43 51 0.279782082
44 51 0.0349556576
45 51 6.41600884
46 51 1.12413303
47 51 -191.114908
48 51 0.500591355
49 51 -4.08159407
50 51 0.0438036033
51 51 21.0091413
52 51 -1.86611127
53 51 0.0382686761
54 51 -36.6691437
55 51 -379.659917
56 51 -0.968852469
57 51 14.5019321
58 51 0.277099079
59 51 0.0184589912
60 51 14.5154295
61 51 -27.8702978
62 51 -0.409863719
63 51 0.627473566
64 51 0.00697902546
65 51 0.0122288134
66 51 0.628070283
67 51 -82.8859402
68 51 -0.400952995
69 51 -6.07849231
70 51 0.223035704
71 51 -0.056707477
72 51 -6.08706394
73 51 -25.0651463
74 51 -0.667623446
75 51 -3.07581894
76 51 0.188990794
77 51 -0.0143285128
78 51 -3.08919311
1 52 -0.0894995341
2 52 -0.013192492
3 52 -0.0140031889
4 52 -0.0910159899
5 52 0.0213014529
6 52 1.15665327
13 52 -0.334737171
14 52 -0.0410163709
15 52 -0.0295348683
16 52 -0.33757362
17 52 -0.053552395
18 52 7.76960605
19 52 -0.263040033
20 52 -0.110590891
21 52 -0.0253522619
22 52 -0.278730917
23 52 0.461055331
24 52 4.03025111
25 52 -3.64443398
26 52 -0.144510813
27 52 0.44073531
28 52 -3.66642662
29 52 0.308816626
30 52 -60.7785477
31 52 -4.56886538
32 52 -0.137035382
33 52 0.461301749
34 52 -4.58779696
35 52 0.261580236
36 52 -91.0513689
37 52 -3.2925771
38 52 -0.0544396924
39 52 0.229036272
40 52 -3.29887828
41 52 -0.109099664
42 52 -94.9949526
43 52 -3.20934621
44 52 -0.00276529023
45 52 0.107823651
46 52 -3.21069335
47 52 -0.518164818
48 52 -191.198344
49 52 18.3855206
50 52 0.470888683
51 52 -1.86611127
52 52 76.0140368
53 52 0.235267187
54 52 -0.928147927
55 52 1.02553229
56 52 -380.287843
57 52 1.44192435
58 52 -7.25842061
59 52 -0.00943419793
60 52 0.138563015
61 52 0.439021444
62 52 -27.8742843
63 52 1.2924857
64 52 -0.310010488
65 52 -0.00234704816
66 52 0.00344479137
67 52 0.275403841
68 52 -83.2083643
69 52 1.73324832
70 52 3.04732002
71 52 0.00632107507
72 52 0.111656649
73 52 0.601657572
74 52 -25.3597009
75 52 0.601496985
76 52 1.54915564
77 52 0.0201114504
78 52 0.0947743131
1 53 0.0209465404
2 53 0.00308758106
3 53 0.00327731719
4 53 -0.00650261227
5 53 0.00152187642
6 53 0.0826367732
13 53 -0.0531024231
14 53 -0.00650680258
15 53 -0.00468538665
16 53 -0.0206674749
17 53 -0.00327867084
18 53 0.475683314
19 53 0.435100673
20 53 0.182930981
21 53 0.0419357695
22 53 -0.0546248262
23 53 0.090356203
24 53 0.789836194
25 53 0.306964225
26 53 0.01217189
27 53 -0.0371223553
28 53 -0.0712775232
29 53 0.00600357965
30 53 -1.18157127
31 53 0.260500823
32 53 0.00781328118
33 53 -0.0263018223
34 53 -0.0679482905
35 53 0.00387417535
36 53 -1.34853066
37 53 -0.108891273
38 53 -0.00180041567
39 53 0.00757462938
40 53 -0.0273687777
41 53 -0.00090513326
42 53 -0.788115087
43 53 -0.517947408
44 53 -0.000446282455
45 53 0.0174013574
46 53 -0.00152896113
47 53 -0.000246754759
48 53 -0.0910503759
49 53 1.57287182
50 53 -0.181178539
51 53 0.0382686761
52 53 0.235267187
53 53 57.4815133
54 53 0.0083915225
55 53 -14.5116077
56 53 -1.48001267
57 53 -380.012101
58 53 -0.483520632
59 53 -0.000628460321
60 53 0.00923039322
61 53 -0.608335957
62 53 -1.3018992
63 53 -27.870665
64 53 -0.543207705
65 53 -0.00411255326
66 53 0.00603604486
67 53 6.09408543
68 53 -1.70844353
69 53 -82.9858737
70 53 -0.774789987
71 53 -0.00160715174
72 53 -0.0283890282
73 53 3.10361273
74 53 -0.523554249
75 53 -25.1780003
76 53 -0.117450676
77 53 -0.00152476832
78 53 -0.00718540269
1 54 1.13738178
2 54 0.167653387
3 54 0.177955919
4 54 -0.00716196518
5 54 0.00167619189
6 54 0.0910159899
13 54 7.70432224
14 54 0.944034205
15 54 0.679775544
16 54 -0.0146668889
17 54 -0.00232674292
18 54 0.33757362
19 54 3.80337208
20 54 1.59906575
21 54 0.366575702
22 54 -0.0192769437
23 54 0.0318864437
24 54 0.278730917
25 54 -60.4139745
26 54 -2.39556338
27 54 7.30609251
28 54 0.221174817
29 54 -0.0186291634
30 54 3.66642662
31 54 -90.6756447
32 54 -2.71966245
33 54 9.15519063
34 54 0.231164904
35 54 -0.0131802193
36 54 4.58779696
37 54 -94.8135029
38 54 -1.56765287
39 54 6.59535999
40 54 0.114559749
41 54 0.0037886909
42 54 3.29887828
43 54 -191.118122
44 54 -0.164674373
45 54 6.42095065
46 54 0.0539154866
47 54 0.00870126957
48 54 3.21069335
49 54 940.463205
50 54 6.58885221
51 54 -36.6691437
52 54 -0.928147927
53 54 0.0083915225
54 54 39.1278945
55 54 -0.000761483633
56 54 7.26096061
57 54 0.46515835
58 54 -380.221734
59 54 -0.494196643
60 54 7.25842061
61 54 0.00708172132
62 54 0.331065203
63 54 0.530797336
64 54 -27.8990779
65 54 -0.211220207
66 54 0.310010488
67 54 -0.0462131371
68 54 -3.0346409
69 54 0.830332164
70 54 -83.1670961
71 54 -0.17251403
72 54 -3.04732002
73 54 0.0249098385
74 54 -1.55071003
75 54 0.13359747
76 54 -25.3220848
77 54 -0.328736404
78 54 -1.54915564
7 55 -0.0329661355
8 55 0.0688456332
9 55 0.409213114
10 55 -0.155456807
11 55 -0.0710102134
12 55 -0.00114712035
25 55 -0.461978035
26 55 0.303712061
27 55 0.672091579
28 55 -0.209238985
29 55 -0.662694579
30 55 0.0648253832
31 55 0.593124388
32 55 4.18856833
33 55 11.5912547
34 55 -3.4745417
35 55 0.0201100733
36 55 0.0653577819
37 55 4.18366307
38 55 16.8223349
39 55 46.2143978
40 55 -7.95212931
41 55 3.13077889
42 55 -0.241289655
43 55 12.1879267
44 55 11.3924975
45 55 162.562665
46 55 -9.77235812
47 55 10.3195754
48 55 -0.0413071578
49 55 -18.3030088
50 55 -0.994880236
51 55 -379.659917
52 55 1.02553229
53 55 -14.5116077
54 55 -0.000761483633
55 55 54.1734691
56 55 -0.898691309
57 55 0.677910347
58 55 -4.47585967
59 55 -14.7016339
60 55 328.862163
61 55 5.0718037
62 55 -0.0107591182
63 55 0.208032885
64 55 3.35595569
65 55 -0.895522571
66 55 -163.750469
67 55 0.243015818
68 55 -0.0160132573
69 55 0.00943680125
70 55 0.170675531
71 55 -0.122666796
72 55 -9.01143746
73 55 -0.0840842002
74 55 0.0196444875
75 55 0.00762831656
76 55 -0.0398525448
77 55 0.0181951215
78 55 -0.93900298
7 56 -0.0135738837
8 56 0.0283473512
9 56 0.168494461
10 56 0.386515069
11 56 0.149911501
12 56 0.00502323671
25 56 -0.3560377
26 56 0.234065119
27 56 0.517968219
28 56 0.65322244
29 56 0.57299429
30 56 0.0876726739
31 56 0.15047276
32 56 1.06261933
33 56 2.9406447
34 56 10.8195328
35 56 5.76431903
36 56 -1.21545653
37 56 0.518680691
38 56 2.08559345
39 56 5.72955216
40 56 44.6756754
41 56 20.0208925
42 56 -5.23660967
43 56 0.652984696
44 56 0.610368494
45 56 8.70951514
46 56 162.83612
47 56 15.8819056
48 56 -5.82397976
49 56 -0.0467073675
50 56 -0.00253883049
51 56 -0.968852469
52 56 -380.287843
53 56 -1.48001267
54 56 7.26096061
55 56 -0.898691309
56 56 53.5432741
57 56 3.37350569
58 56 -0.549561737
59 56 -2.04433311
60 56 -18.7684742
61 56 -1.79503643
62 56 0.00380791731
63 56 -0.0736279694
64 56 -0.00711918795
65 56 0.00189972517
66 56 0.347373587
67 56 -0.250517512
68 56 0.0165075731
69 56 -0.00972810737
70 56 -0.0112464745
71 56 0.00808299218
72 56 0.593798657
73 56 0.0474206499
74 56 -0.0110788277
75 56 -0.00430211298
76 56 0.00931070065
77 56 -0.00425090369
78 56 0.219378102
7 57 -0.000734809769
8 57 0.00153455791
9 57 0.00912129339
10 57 -0.165621741
11 57 0.416503745
12 57 -0.0413286641
25 57 -0.164507992
26 57 0.108150297
27 57 0.239328341
28 57 -0.826148311
29 57 0.620898526
30 57 -0.371791542
31 57 -0.0781578712
32 57 -0.551940858
33 57 -1.52741618
34 57 -5.53738792
35 57 11.2503163
36 57 -1.84406001
37 57 -0.522171826
38 57 -2.09963116
39 57 -5.76811661
40 57 -19.3358183
41 57 44.9709717
42 57 -7.13482184
43 57 -0.836558877
44 57 -0.781961944
45 57 -11.158029
46 57 -15.2712392
47 57 162.743919
48 57 -5.14777666
49 57 0.699123027
50 57 0.0380016034
51 57 14.5019321
52 57 1.44192435
53 57 -380.012101
54 57 0.46515835
55 57 0.677910347
56 57 3.37350569
57 57 68.2535803
58 57 0.397356568
59 57 1.63754065
60 57 11.0107567
61 57 -163.707222
62 57 0.347281845
63 57 -6.71486668
64 57 0.137653029
65 57 -0.0367321282
66 57 -6.71664055
67 57 -9.0125362
68 57 0.593871057
69 57 -0.349975213
70 57 0.00662767996
71 57 -0.00476340256
72 57 -0.349932547
73 57 -0.941414277
74 57 0.219941451
75 57 0.0854073191
76 57 0.00361551667
77 57 -0.00165070425
78 57 0.0851885606
7 58 -0.0116154951
8 58 -0.00478270741
9 58 -0.000258907487
10 58 -0.0122748879
11 58 0.0387936765
12 58 0.429748812
25 58 -0.195045158
26 58 -0.1503176
27 58 -0.0694545736
28 58 -0.231149228
29 58 0.262861217
30 58 0.93172589
31 58 0.521879511
32 58 0.132398283
33 58 -0.0687697089
34 58 0.529844905
35 58 2.09078925
36 58 12.2281248
37 58 2.48662639
38 58 0.308286081
39 58 -0.310361092
40 58 2.47864568
41 58 8.33078209
42 58 48.2980773
43 58 5.44167695
44 58 0.291545219
45 58 -0.373507591
46 58 5.45400823
47 58 5.52189185
48 58 163.531022
49 58 -7.2544412
50 58 -0.0185125765
51 58 0.277099079
52 58 -7.25842061
53 58 -0.483520632
54 58 -380.221734
55 58 -4.47585967
56 58 -0.549561737
57 58 0.397356568
58 58 53.1220187
59 58 -0.319084313
60 58 0.177403781
61 58 -0.412945578
62 58 -163.88039
63 58 1.59191386
64 58 3.35802749
65 58 -0.00393676442
66 58 0.0688205141
67 58 -0.592039243
68 58 -9.02308924
69 58 -0.0650801264
70 58 0.17103351
71 58 -0.00567195224
72 58 0.00323935391
73 58 -0.231394626
74 58 -0.936352908
75 58 -0.13927832
76 58 -0.0407681531
77 58 0.00472507141
78 58 0.00173025505
7 59 0.036709725
8 59 0.0151153155
9 59 0.000818253769
10 59 -0.00241608201
11 59 0.00763580937
12 59 0.0845880129
25 59 0.221803932
26 59 0.170940079
27 59 0.0789832349
28 59 -0.0670136636
29 59 0.0762074498
30 59 0.270121453
31 59 2.05935749
32 59 0.522448936
33 59 -0.27136803
34 59 0.0717414656
35 59 0.283094701
36 59 1.65569884
37 59 8.35760542
38 59 1.03615623
39 59 -1.04313039
40 59 0.178954972
41 59 0.601471557
42 59 3.48705793
43 59 5.50940709
44 59 0.295173953
45 59 -0.378156475
46 59 0.152135464
47 59 0.154029026
48 59 4.56157505
49 59 -0.483255543
50 59 -0.00123321769
51 59 0.0184589912
52 59 -0.00943419793
53 59 -0.000628460321
54 59 -0.494196643
55 59 -14.7016339
56 59 -2.04433311
57 59 1.63754065
58 59 -0.319084313
59 59 56.4461858
60 59 0.64822281
61 59 6.7129328
62 59 -1.60749657
63 59 -163.743212
64 59 -0.896075422
65 59 0.00105050892
66 59 -0.0183644629
67 59 0.353640514
68 59 0.0419674573
69 59 -9.0357104
70 59 -0.12292408
71 59 0.00407650822
72 59 -0.00232816715
73 59 -0.0508364393
74 59 0.155462801
75 59 -0.960700612
76 59 0.0186131526
77 59 -0.00215728378
78 59 -0.000789967141
7 60 0.406663203
8 60 0.167444529
9 60 0.0090644563
10 60 -0.000350606839
11 60 0.0011080613
12 60 0.0122748879
25 60 0.78619611
26 60 0.605906415
27 60 0.279960375
28 60 -0.0573451549
29 60 0.0652124921
30 60 0.231149228
31 60 12.0442939
32 60 3.05557854
33 60 -1.58711459
34 60 -0.0229581909
35 60 -0.0905939425
36 60 -0.529844905
37 60 48.4535867
38 60 6.00716153
39 60 -6.04759451
40 60 -0.127203499
41 60 -0.427533728
42 60 -2.47864568
43 60 163.161285
44 60 8.74158702
45 60 -11.1991173
46 60 -0.181899467
47 60 -0.184163489
48 60 -5.45400823
49 60 -380.013279
50 60 -0.969754211
51 60 14.5154295
52 60 0.138563015
53 60 0.00923039322
54 60 7.25842061
55 60 328.862163
56 60 -18.7684742
57 60 11.0107567
58 60 0.177403781
59 60 0.64822281
60 60 62.0199126
61 60 -0.0453334708
62 60 -3.3487333
63 60 0.932030761
64 60 -163.85156
65 60 0.192090444
66 60 -3.35802749
67 60 -0.0159643319
68 60 -0.167236692
69 60 0.12732927
70 60 -9.03033824
71 60 0.299471415
72 60 -0.17103351
73 60 0.0079589882
74 60 0.0408653771
75 60 -0.017507694
76 60 -0.96057648
77 60 0.111331815
78 60 0.0407681531
1 61 -1.17857381
2 61 0.482761345
3 61 -15.7395536
4 61 0.280221732
5 61 -1.02015731
6 61 -0.0247842136
31 61 -0.203933686
32 61 -4.32443097
33 61 -13.9513676
34 61 3.09456875
35 61 0.265722751
36 61 -0.0465738695
37 61 -0.485265288
38 61 -0.366050912
39 61 -1.50111795
40 61 0.175042898
41 61 -0.479317737
42 61 0.0297515391
43 61 -1.67484142
44 61 -1.96520477
45 61 -16.6064337
46 61 -0.0738632847
47 61 -1.50911152
48 61 0.0921646774
49 61 -0.890520042
50 61 -1.0948174
51 61 -27.8702978
52 61 0.439021444
53 61 -0.608335957
54 61 0.00708172132
55 61 5.0718037
56 61 -1.79503643
57 61 -163.707222
58 61 -0.412945578
59 61 6.7129328
60 61 -0.0453334708
61 61 40.0777625
62 61 -0.050719626
63 61 -2.23076457
64 61 -11.0936633
65 61 7.90846296
66 61 518.999121
67 61 17.2287718
68 61 0.0188835579
69 61 1.24045639
70 61 10.0104974
71 61 -3.34169943
72 61 -278.381893
73 61 -0.167755591
74 61 0.0396568071
75 61 0.149446766
76 61 -0.0880832057
77 61 -0.0209259487
78 61 -0.227787494
79 61 -0.206482493
80 61 0.0706195915
81 61 0.219393429
82 61 -0.110302399
83 61 -0.0301040724
84 61 -0.249697537
1 62 -0.0226233342
2 62 0.00926685389
3 62 -0.302128878
4 62 -15.8088751
5 62 0.342984837
6 62 0.517055813
31 62 -0.0416534877
32 62 -0.883265709
33 62 -2.84956903
34 62 -13.2751566
35 62 -5.77555121
36 62 0.896776893
37 62 -0.0147032189
38 62 -0.0110911017
39 62 -0.0454828861
40 62 -1.61383016
41 62 -0.429379829
42 62 0.292827003
43 62 0.0243949159
44 62 0.0286242056
45 62 0.24188114
46 62 -16.7185382
47 62 -1.89257035
48 62 0.865379691
49 62 -0.0130960874
50 62 -0.0161005072
51 62 -0.409863719
52 62 -27.8742843
53 62 -1.3018992
54 62 0.331065203
55 62 -0.0107591182
56 62 0.00380791731
57 62 0.347281845
58 62 -163.88039
59 62 -1.60749657
60 62 -3.3487333
61 62 -0.050719626
62 62 58.4279027
63 62 -0.0853233407
64 62 0.00142206498
65 62 0.421185951
66 62 3.2695906
67 62 -6.67933138
68 62 -0.00732086667
69 62 -0.480905976
70 62 0.0109719839
71 62 -0.00366266241
72 62 -0.30511987
73 62 -0.0276921799
74 62 0.00654632986
75 62 0.0246698587
76 62 0.0208225471
77 62 0.0049468176
78 62 0.0538481291
79 62 -0.0368285158
80 62 0.0125958124
81 62 0.039131329
82 62 0.0377247982
83 62 0.0102959688
84 62 0.0853996763
1 63 0.0757071986
2 63 -0.0310107936
3 63 1.01105039
4 63 -0.361755193
5 63 -15.7788328
6 63 -0.231318803
31 63 0.0137081408
32 63 0.290682278
33 63 0.937791664
34 63 5.69955043
35 63 -13.5964486
36 63 2.0320702
37 63 0.154958903
38 63 0.116890388
39 63 0.47934933
40 63 0.395032124
41 63 -1.54176057
42 63 0.120953933
43 63 0.14901164
44 63 0.174845441
45 63 1.47748431
46 63 1.90681777
47 63 -16.6520776
48 63 0.894227824
49 63 0.0200492219
50 63 0.024648785
51 63 0.627473566
52 63 1.2924857
53 63 -27.870665
54 63 0.530797336
55 63 0.208032885
56 63 -0.0736279694
57 63 -6.71486668
58 63 1.59191386
59 63 -163.743212
60 63 0.932030761
61 63 -2.23076457
62 63 -0.0853233407
63 63 79.4195376
64 63 -1.25624502
65 63 -0.0595790886
66 63 21.6856503
67 63 -277.982326
68 63 -0.304681925
69 63 -20.0144826
70 63 0.720746992
71 63 -0.240599415
72 63 -20.0432511
73 63 -0.177210247
74 63 0.041891853
75 63 0.157869542
76 63 0.0784698152
77 63 0.0186420932
78 63 0.202926795
79 63 -0.178591528
80 63 0.0610805332
81 63 0.189758498
82 63 0.117199387
83 63 0.0319864197
84 63 0.265310623
1 64 -0.508611949
2 64 -0.00976306961
3 64 0.0326713402
4 64 -0.509405444
5 64 0.248065193
6 64 -15.804039
31 64 -0.259575653
32 64 -0.0530183681
33 64 0.0174483169
34 64 -0.261095454
35 64 -2.16905435
36 64 -14.4482061
37 64 -0.24501824
38 64 -0.00742389142
39 64 0.0782412395
40 64 -0.252638793
41 64 -0.183819549
42 64 -1.63946009
43 64 -0.751213074
44 64 0.0109417999
45 64 0.0668358751
46 64 -0.752186393
47 64 -0.991305642
48 64 -16.7806517
49 64 -0.309985199
50 64 -0.00455867703
51 64 0.00697902546
52 64 -0.310010488
53 64 -0.543207705
54 64 -27.8990779
55 64 3.35595569
56 64 -0.00711918795
57 64 0.137653029
58 64 3.35802749
59 64 -0.896075422
60 64 -163.85156
61 64 -11.0936633
62 64 0.00142206498
63 64 -1.25624502
64 64 46.5300209
65 64 0.0219620723
66 64 -0.63585658
67 64 -0.178417437
68 64 -279.021574
69 64 6.725616
70 64 10.029212
71 64 0.00116073045
72 64 0.360646301
73 64 -0.0296846226
74 64 -0.305321745
75 64 0.047698082
76 64 -0.111114517
77 64 0.00727699042
78 64 0.0429669018
79 64 -0.043696682
80 64 -0.365118448
81 64 0.0764011751
82 64 -0.14984359
83 64 0.012828277
84 64 0.0661925132
1 65 0.247678784
2 65 0.00475432246
3 65 -0.0159099641
4 65 -0.00462714705
5 65 0.00225328201
6 65 -0.143554831
31 65 -2.15642857
32 65 -0.440450877
33 65 0.144952151
34 65 -0.0276656105
35 65 -0.229832468
36 65 -1.53092839
37 65 -0.178274848
38 65 -0.00540161057
39 65 0.0569281907
40 65 -0.0081457028
41 65 -0.00592679928
42 65 -0.0528602693
43 65 -0.990022906
44 65 0.0144201864
45 65 0.0880829283
46 65 0.00349420275
47 65 0.00460500607
48 65 0.0779527518
49 65 -0.543163392
50 65 -0.00798782163
51 65 0.0122288134
52 65 -0.00234704816
53 65 -0.00411255326
54 65 -0.211220207
55 65 -0.895522571
56 65 0.00189972517
57 65 -0.0367321282
58 65 -0.00393676442
59 65 0.00105050892
60 65 0.192090444
61 65 7.90846296
62 65 0.421185951
63 65 -0.0595790886
64 65 0.0219620723
65 65 57.7980862
66 65 0.000483319933
67 65 20.0447795
68 65 -6.72105983
69 65 -278.300806
70 65 -3.34794674
71 65 -0.000387474484
72 65 -0.120390775
73 65 -0.208294948
74 65 -0.0156277383
75 65 -0.229666367
76 65 -0.0263975031
77 65 0.00172879639
78 65 0.0102076574
79 65 -0.276301989
80 65 -0.0199995447
81 65 -0.253604514
82 65 -0.0408957767
83 65 0.00350113308
84 65 0.0180654657
1 66 -15.7794212
2 66 -0.302894157
3 66 1.01361134
4 66 0.0164194676
5 66 -0.00799578891
6 66 0.509405444
31 66 -14.364105
32 66 -2.93387073
33 66 0.965535307
34 66 0.00471829068
35 66 0.0391972696
36 66 0.261095454
37 66 -1.5900077
38 66 -0.0481761868
39 66 0.507734335
40 66 0.0389313288
41 66 0.0283263676
42 66 0.252638793
43 66 -16.7589377
44 66 0.244102439
45 66 1.49105268
46 66 0.0337164718
47 66 0.0444349022
48 66 0.752186393
49 66 -27.896802
50 66 -0.410253492
51 66 0.628070283
52 66 0.00344479137
53 66 0.00603604486
54 66 0.310010488
55 66 -163.750469
56 66 0.347373587
57 66 -6.71664055
58 66 0.0688205141
59 66 -0.0183644629
60 66 -3.35802749
61 66 518.999121
62 66 3.2695906
63 66 21.6856503
64 66 -0.63585658
65 66 0.000483319933
66 66 68.6119104
67 66 -0.246950402
68 66 -9.95323582
69 66 3.58142749
70 66 -278.902328
71 66 -0.03227875
72 66 -10.029212
73 66 0.0254086082
74 66 0.120425262
75 66 -0.00343430173
76 66 -0.287347597
77 66 0.0188186545
78 66 0.111114517
79 66 0.0423060091
80 66 0.165499308
81 66 -0.0134554773
82 66 -0.33920908
83 66 0.0290400678
84 66 0.14984359
13 67 -0.123704959
14 67 -0.340689171
15 67 2.1499865
16 67 0.0699764771
17 67 -0.146707542
18 67 -0.00916281276
19 67 -0.227317887
20 67 0.258868832
21 67 -1.24907957
22 67 -0.218335296
23 67 -0.203751772
24 67 -0.00217932045
37 67 -1.13732026
38 67 -1.76387112
39 67 -24.988107
40 67 0.842275813
41 67 -0.873938092
42 67 0.0157342118
43 67 -0.123857107
44 67 -0.251311171
45 67 -13.7995391
46 67 -0.409895616
47 67 0.0201935177
48 67 -0.000396240291
49 67 5.2530632
50 67 -1.53681092
51 67 -82.8859402
52 67 0.275403841
53 67 6.09408543
54 67 -0.0462131371
55 67 0.243015818
56 67 -0.250517512
57 67 -9.0125362
58 67 -0.592039243
59 67 0.353640514
60 67 -0.0159643319
61 67 17.2287718
62 67 -6.67933138
63 67 -277.982326
64 67 -0.178417437
65 67 20.0447795
66 67 -0.246950402
67 67 -102.42238
68 67 1.99854001
69 67 -27.3853079
70 67 -87.2236502
71 67 6.16042319
72 67 1387.98113
73 67 28.6748187
74 67 -0.307691734
75 67 2.21988436
76 67 16.4874346
77 67 -1.49981522
78 67 -426.802237
79 67 28.3979124
80 67 0.0524522898
81 67 5.93879832
82 67 14.9938548
83 67 1.03447988
84 67 -144.954347
85 67 81.8079642
86 67 -1.7740304
87 67 17.511654
88 67 43.1554002
89 67 -0.408240511
90 67 -407.866959
13 68 0.00539601377
14 68 0.0148608711
15 68 -0.0937824712
16 68 2.14270738
17 68 -0.38103976
18 68 0.0420880639
19 68 0.0280815207
20 68 -0.0319791397
21 68 0.154303976
22 68 -1.26130482
23 68 0.351097235
24 68 0.141778275
37 68 -0.0347071012
38 68 -0.0538272777
39 68 -0.762551048
40 68 -24.9804953
41 68 -2.1544296
42 68 0.518010526
43 68 0.00367789818
44 68 0.00746260687
45 68 0.409773011
46 68 -13.8010247
47 68 -0.0505743143
48 68 -0.00658169283
49 68 0.0254112026
50 68 -0.0074341793
51 68 -0.400952995
52 68 -83.2083643
53 68 -1.70844353
54 68 -3.0346409
55 68 -0.0160132573
56 68 0.0165075731
57 68 0.593871057
58 68 -9.02308924
59 68 0.0419674573
60 68 -0.167236692
61 68 0.0188835579
62 68 -0.00732086667
63 68 -0.304681925
64 68 -279.021574
65 68 -6.72105983
66 68 -9.95323582
67 68 1.99854001
68 68 57.559325
69 68 0.765529901
70 68 1.06735106
71 68 0.0028305915
72 68 -12.7527167
73 68 -3.13262464
74 68 0.0336142563
75 68 -0.242514679
76 68 -0.176916457
77 68 0.016093589
78 68 4.57975067
79 68 2.10456204
80 68 0.00388722582
81 68 0.440122828
82 68 0.0276943603
83 68 0.00191073336
84 68 -0.267737549
85 68 -1.65409677
86 68 0.0358695879
87 68 -0.354072744
88 68 -0.935837883
89 68 0.00885281872
90 68 8.84471814
13 69 -0.0075205715
14 69 -0.0207120013
15 69 0.130707187
16 69 0.386359108
17 69 2.13977816
18 69 0.180916191
19 69 0.0447682104
20 69 -0.0509818849
21 69 0.24599497
22 69 -0.317460999
23 69 -1.25481376
24 69 -0.0999983706
37 69 0.0427883805
38 69 0.0663605419
39 69 0.940105146
40 69 2.12526781
41 69 -24.9769094
42 69 0.838393069
43 69 -0.000194618651
44 69 -0.000394889257
45 69 -0.0216834362
46 69 0.0499525939
47 69 -13.8070933
48 69 0.127790322
49 69 0.385236678
50 69 -0.112702991
51 69 -6.07849231
52 69 1.73324832
53 69 -82.9858737
54 69 0.830332164
55 69 0.00943680125
56 69 -0.00972810737
57 69 -0.349975213
58 69 -0.0650801264
59 69 -9.0357104
60 69 0.12732927
61 69 1.24045639
62 69 -0.480905976
63 69 -20.0144826
64 69 6.725616
65 69 -278.300806
66 69 3.58142749
67 69 -27.3853079
68 69 0.765529901
69 69 231.641563
70 69 -14.636253
71 69 0.291084989
72 69 175.837466
73 69 -426.175922
74 69 4.57303007
75 69 -32.9927548
76 69 1.27638813
77 69 -0.116109413
78 69 -33.0412416
79 69 -142.92991
80 69 -0.263998317
81 69 -29.8906447
82 69 3.13563471
83 69 0.216338697
84 69 -30.3140113
85 69 -401.944092
86 69 8.71627898
87 69 -86.0393719
88 69 9.23776119
89 69 -0.0873871712
90 69 -87.3072094
13 70 -0.0696709882
14 70 0.00303905045
15 70 -0.00423560747
16 70 -0.069599462
17 70 -0.171693929
18 70 2.16967586
19 70 -0.117094686
20 70 0.0144651919
21 70 0.0230607437
22 70 -0.118897675
23 70 0.123739747
24 70 -1.30116209
37 70 -0.4576929
38 70 -0.0139672125
39 70 0.0172193696
40 70 -0.457818408
41 70 -0.871862895
42 70 -25.0592032
43 70 0.00894539077
44 70 -0.00026563059
45 70 1.40560354e-05
46 70 0.00894797381
47 70 -0.127627424
48 70 -13.8035633
49 70 3.04130088
50 70 0.014712009
51 70 0.223035704
52 70 3.04732002
53 70 -0.774789987
54 70 -83.1670961
55 70 0.170675531
56 70 -0.0112464745
57 70 0.00662767996
58 70 0.17103351
59 70 -0.12292408
60 70 -9.03033824
61 70 10.0104974
62 70 0.0109719839
63 70 0.720746992
64 70 10.029212
65 70 -3.34794674
66 70 -278.902328
67 70 -87.2236502
68 70 1.06735106
69 70 -14.636253
70 70 -30.6961644
71 70 0.53671659
72 70 -7.35141275
73 70 -4.63054462
74 70 -428.084929
75 70 0.478328383
76 70 16.5250369
77 70 -0.0907693471
78 70 0.638364658
79 70 0.650301791
80 70 -148.078238
81 70 -1.80174002
82 70 15.2365442
83 70 0.0251690179
84 70 1.5760447
85 70 -8.07448821
86 70 -417.122119
87 70 -4.53582957
88 70 43.895351
89 70 -0.475207096
90 70 4.64445918
13 71 -0.171870376
14 71 0.0074969906
15 71 -0.0104487602
16 71 0.00134866314
17 71 0.00332699803
18 71 -0.0420428803
19 71 0.121863333
20 71 -0.0150542825
21 71 -0.0239998857
22 71 0.00834609162
23 71 -0.00868598374
24 71 0.0913358315
37 71 -0.871623879
38 71 -0.0265989618
39 71 0.0327923238
40 71 -0.00728088368
41 71 -0.0138656118
42 71 -0.39852732
43 71 -0.127590581
44 71 0.00378876253
45 71 -0.000200485118
46 71 -0.000132889276
47 71 0.00189543647
48 71 0.205001217
49 71 -0.773259603
50 71 -0.00374057111
51 71 -0.056707477
52 71 0.00632107507
53 71 -0.00160715174
54 71 -0.17251403
55 71 -0.122666796
56 71 0.00808299218
57 71 -0.00476340256
58 71 -0.00567195224
59 71 0.00407650822
60 71 0.299471415
61 71 -3.34169943
62 71 -0.00366266241
63 71 -0.240599415
64 71 0.00116073045
65 71 -0.000387474484
66 71 -0.03227875
67 71 6.16042319
68 71 0.0028305915
69 71 0.291084989
70 71 0.53671659
71 71 57.571724
72 71 0.145345768
73 71 33.0346695
74 71 -0.834261651
75 71 -426.832979
76 71 -1.5032358
77 71 0.0082570304
78 71 -0.0580702248
79 71 30.3082592
80 71 1.89670133
81 71 -144.943595
82 71 1.05122389
83 71 0.00173650092
84 71 0.108736983
85 71 87.3869728
86 71 2.74461333
87 71 -407.961539
88 71 -0.415240281
89 71 0.00449535369
90 71 -0.0439355533
13 72 2.1719056
14 72 -0.0947385829
15 72 0.132039746
16 72 -0.00223263078
17 72 -0.00550764531
18 72 0.069599462
19 72 -1.281431
20 72 0.158300482
21 72 0.252366293
22 72 0.0108646395
23 72 -0.0113070988
24 72 0.118897675
37 72 -25.0523333
38 72 -0.764511016
39 72 0.942521477
40 72 0.00836410054
41 72 0.0159284747
42 72 0.457818408
43 72 -13.7995785
44 72 0.409774182
45 72 -0.0216834982
46 72 5.80040341e-06
47 72 -8.27327572e-05
48 72 -0.00894797381
49 72 -83.0028224
50 72 -0.401518401
51 72 -6.08706394
52 72 0.111656649
53 72 -0.0283890282
54 72 -3.04732002
55 72 -9.01143746
56 72 0.593798657
57 72 -0.349932547
58 72 0.00323935391
59 72 -0.00232816715
60 72 -0.17103351
61 72 -278.381893
62 72 -0.30511987
63 72 -20.0432511
64 72 0.360646301
65 72 -0.120390775
66 72 -10.029212
67 72 1387.98113
68 72 -12.7527167
69 72 175.837466
70 72 -7.35141275
71 72 0.145345768
72 72 145.838096
73 72 -0.301876063
74 72 -16.5251149
75 72 1.6089127
76 72 -427.77563
77 72 2.34970215
78 72 -16.5250369
79 72 0.288734135
80 72 -15.3013377
81 72 -1.245514
82 72 -147.300568
83 72 -0.24332359
84 72 -15.2365442
85 72 -1.04169771
86 72 -44.1308649
87 72 0.395717767
88 72 -414.860324
89 72 4.49124031
90 72 -43.895351
31 73 -0.121944311
32 73 -0.0701190289
33 73 -0.44335338
34 73 0.0295606947
35 73 -0.119693299
36 73 0.00539778011
43 73 0.606269979
44 73 0.513209894
45 73 -5.56405599
46 73 -0.417201666
47 73 0.685088638
48 73 0.0064406539
49 73 2.82692474
50 73 -0.199827615
51 73 -25.0651463
52 73 0.601657572
53 73 3.10361273
54 73 0.0249098385
55 73 -0.0840842002
56 73 0.0474206499
57 73 -0.941414277
58 73 -0.231394626
59 73 -0.0508364393
60 73 0.0079589882
61 73 -0.167755591
62 73 -0.0276921799
63 73 -0.177210247
64 73 -0.0296846226
65 73 -0.208294948
66 73 0.0254086082
67 73 28.6748187
68 73 -3.13262464
69 73 -426.175922
70 73 -4.63054462
71 73 33.0346695
72 73 -0.301876063
73 73 4.68562821
74 73 0.446549027
75 73 -4.46228145
76 73 -30.1678873
77 73 2.67479101
78 73 753.137907
79 73 16.1902699
80 73 -0.176519909
81 73 1.14701066
82 73 9.43815709
83 73 -0.879392744
84 73 -266.919844
85 73 -6.97948599
86 73 -0.0588948908
87 73 -2.8145843
88 73 -3.68801654
89 73 -1.51872947
90 73 19.0384788
91 73 11.9403242
92 73 0.0192882529
93 73 3.30621539
94 73 6.25743057
95 73 1.10825797
96 73 -46.0539676
31 74 -0.00241536413
32 74 -0.00138885517
33 74 -0.00878154821
34 74 -0.46917526
35 74 -0.0808650722
36 74 0.0668031484
43 74 -0.0549133139
44 74 -0.0464843336
45 74 0.503968139
46 74 -5.58887373
47 74 0.749429782
48 74 -0.296872573
49 74 0.0752966375
50 74 -0.00532251435
51 74 -0.667623446
52 74 -25.3597009
53 74 -0.523554249
54 74 -1.55071003
55 74 0.0196444875
56 74 -0.0110788277
57 74 0.219941451
58 74 -0.936352908
59 74 0.155462801
60 74 0.0408653771
61 74 0.0396568071
62 74 0.00654632986
63 74 0.041891853
64 74 -0.305321745
65 74 -0.0156277383
66 74 0.120425262
67 74 -0.307691734
68 74 0.0336142563
69 74 4.57303007
70 74 -428.084929
71 74 -0.834261651
72 74 -16.5251149
73 74 0.446549027
74 74 57.597721
75 74 0.934143602
76 74 0.259921213
77 74 0.0127672284
78 74 -7.67696707
79 74 -1.83350747
80 74 0.0199904372
81 74 -0.129896081
82 74 -0.102902709
83 74 0.0095878777
84 74 2.91018415
85 74 -3.1118866
86 74 -0.0262589855
87 74 -1.25491579
88 74 -0.031120534
89 74 -0.0128154719
90 74 0.160652107
91 74 2.2453385
92 74 0.00362709221
93 74 0.621722875
94 74 0.0101081764
95 74 0.0017902663
96 74 -0.074395013
31 75 0.0325983286
32 75 0.0187443196
33 75 0.118517863
34 75 0.0758176745
35 75 -0.453742144
36 75 0.0251418567
43 75 0.0671815559
44 75 0.0568694481
45 75 -0.616560198
46 75 -0.803296849
47 75 -5.56990675
48 75 -0.300782434
49 75 0.346900375
50 75 -0.0245214432
51 75 -3.07581894
52 75 0.601496985
53 75 -25.1780003
54 75 0.13359747
55 75 0.00762831656
56 75 -0.00430211298
57 75 0.0854073191
58 75 -0.13927832
59 75 -0.960700612
60 75 -0.017507694
61 75 0.149446766
62 75 0.0246698587
63 75 0.157869542
64 75 0.047698082
65 75 -0.229666367
66 75 -0.00343430173
67 75 2.21988436
68 75 -0.242514679
69 75 -32.9927548
70 75 0.478328383
71 75 -426.832979
72 75 1.6089127
73 75 -4.46228145
74 75 0.934143602
75 75 117.993164
76 75 -2.51312136
77 75 0.442406709
78 75 60.3245553
79 75 -266.608151
80 75 2.9067858
81 75 -18.8880354
82 75 0.668652645
83 75 -0.0623011758
84 75 -18.9101175
85 75 17.8927596
86 75 0.150984202
87 75 7.21552853
88 75 -1.48724898
89 75 -0.612450849
90 75 7.6775573
91 75 -44.8774984
92 75 -0.0724945592
93 75 -12.4263523
94 75 1.73265088
95 75 0.306871027
96 75 -12.7521107
31 76 -0.0600651873
32 76 -0.00118971764
33 76 0.0160567122
34 76 -0.0614830581
35 76 -0.0350515017
36 76 -0.470710264
43 76 0.320778304
44 76 -0.0290547121
45 76 0.0355458563
46 76 0.322857433
47 76 0.270368
48 76 -5.63585104
49 76 1.54010428
50 76 0.0410214931
51 76 0.188990794
52 76 1.54915564
53 76 -0.117450676
54 76 -25.3220848
55 76 -0.0398525448
56 76 0.00931070065
57 76 0.00361551667
58 76 -0.0407681531
59 76 0.0186131526
60 76 -0.96057648
61 76 -0.0880832057
62 76 0.0208225471
63 76 0.0784698152
64 76 -0.111114517
65 76 -0.0263975031
66 76 -0.287347597
67 76 16.4874346
68 76 -0.176916457
69 76 1.27638813
70 76 16.5250369
71 76 -1.5032358
72 76 -427.77563
73 76 -30.1678873
74 76 0.259921213
75 76 -2.51312136
76 76 27.390641
77 76 0.176039217
78 76 -1.25880254
79 76 -2.92967192
80 76 -267.592726
81 76 0.171519987
82 76 9.45626544
83 76 -0.0525861938
84 76 0.33436899
85 76 -1.22816036
86 76 20.3278512
87 76 2.6201814
88 76 -3.89151872
89 76 -0.0760360489
90 76 -0.753840972
91 76 0.635959721
92 76 -47.7404414
93 76 -2.01823982
94 76 6.43189369
95 76 0.0261321337
96 76 0.87391229
31 77 -0.0342431733
32 77 -0.000678258227
33 77 0.00915393432
34 77 -0.00119966935
35 77 -0.000683931695
36 77 -0.00918458989
43 77 0.268626891
44 77 -0.0243310625
45 77 0.0297668911
46 77 -0.0136936041
47 77 -0.0114673288
48 77 0.239037746
49 77 -0.116764438
50 77 -0.00311008265
51 77 -0.0143285128
52 77 0.0201114504
53 77 -0.00152476832
54 77 -0.328736404
55 77 0.0181951215
56 77 -0.00425090369
57 77 -0.00165070425
58 77 0.00472507141
59 77 -0.00215728378
60 77 0.111331815
61 77 -0.0209259487
62 77 0.0049468176
63 77 0.0186420932
64 77 0.00727699042
65 77 0.00172879639
66 77 0.0188186545
67 77 -1.49981522
68 77 0.016093589
69 77 -0.116109413
70 77 -0.0907693471
71 77 0.0082570304
72 77 2.34970215
73 77 2.67479101
74 77 0.0127672284
75 77 0.442406709
76 77 0.176039217
77 77 57.5985969
78 77 0.222579113
79 77 18.9074075
80 77 -0.37810448
81 77 -266.939781
82 77 -0.881079975
83 77 0.00489967658
84 77 -0.0311545634
85 77 -7.58187513
86 77 -2.88927491
87 77 18.8616681
88 77 -1.6025319
89 77 -0.0313117328
90 77 -0.310432583
91 77 12.7365655
92 77 2.11475815
93 77 -46.0101639
94 77 1.13915726
95 77 0.00462828076
96 77 0.154779226
31 78 -0.459855138
32 78 -0.00910840031
33 78 0.122929136
34 78 0.00803077121
35 78 0.00457834401
36 78 0.0614830581
43 78 -5.59955743
44 78 0.507183706
45 78 -0.620494159
46 78 0.0184953295
47 78 0.0154884005
48 78 -0.322857433
49 78 -25.1741337
50 78 -0.670526383
51 78 -3.08919311
52 78 0.0947743131
53 78 -0.00718540269
54 78 -1.54915564
55 78 -0.93900298
56 78 0.219378102
57 78 0.0851885606
58 78 0.00173025505
59 78 -0.000789967141
60 78 0.0407681531
61 78 -0.227787494
62 78 0.0538481291
63 78 0.202926795
64 78 0.0429669018
65 78 0.0102076574
66 78 0.111114517
67 78 -426.802237
68 78 4.57975067
69 78 -33.0412416
70 78 0.638364658
71 78 -0.0580702248
72 78 -16.5250369
73 78 753.137907
74 78 -7.67696707
75 78 60.3245553
76 78 -1.25880254
77 78 0.222579113
78 78 87.7512903
79 78 -0.169542954
80 78 -9.4554348
81 78 0.937980555
82 78 -267.431965
83 78 1.48718638
84 78 -9.45626544
85 78 -0.869180749
86 78 3.66328546
87 78 2.07870344
88 78 20.0890088
89 78 0.392517412
90 78 3.89151872
91 78 0.399868093
92 78 -6.42974321
93 78 -1.40660411
94 78 -47.337996
95 78 -0.192329491
96 78 -6.43189369
37 79 -0.124995492
38 79 0.0304819134
39 79 -0.277339072
40 79 0.0382511799
41 79 -0.128868202
42 79 -0.0148219717
61 79 -0.206482493
62 79 -0.0368285158
63 79 -0.178591528
64 79 -0.043696682
65 79 -0.276301989
66 79 0.0423060091
67 79 28.3979124
68 79 2.10456204
69 79 -142.92991
70 79 0.650301791
71 79 30.3082592
72 79 0.288734135
73 79 16.1902699
74 79 -1.83350747
75 79 -266.608151
76 79 -2.92967192
77 79 18.9074075
78 79 -0.169542954
79 79 -26.2470828
80 79 0.884229722
81 79 -13.512707
82 79 -45.4343289
83 79 -5.55370276
84 79 688.899132
85 79 23.9007371
86 79 -0.438114031
87 79 3.38976688
88 79 12.8589081
89 79 3.77110152
90 79 -181.767469
91 79 15.6606071
92 79 -0.372953648
93 79 2.76508034
94 79 8.31512288
95 79 1.63796442
96 79 -94.7095108
37 80 -0.0197140152
38 80 0.0048075406
39 80 -0.0437413108
40 80 -0.32400546
41 80 0.0131225442
42 80 0.0684693734
61 80 0.0706195915
62 80 0.0125958124
63 80 0.0610805332
64 80 -0.365118448
65 80 -0.0199995447
66 80 0.165499308
67 80 0.0524522898
68 80 0.00388722582
69 80 -0.263998317
70 80 -148.078238
71 80 1.89670133
72 80 -15.3013377
73 80 -0.176519909
74 80 0.0199904372
75 80 2.9067858
76 80 -267.592726
77 80 -0.37810448
78 80 -9.4554348
79 80 0.884229722
80 80 57.7387359
81 80 -1.93001409
82 80 0.480903
83 80 0.0832398314
84 80 -8.26818989
85 80 7.3583104
86 80 -0.134881992
87 80 1.04360618
88 80 -0.23571106
89 80 -0.0691264242
90 80 3.33190052
91 80 3.11442237
92 80 -0.0741692309
93 80 0.549891074
94 80 -0.198022682
95 80 -0.0390077347
96 80 2.25548456
37 81 0.0526573586
38 81 -0.0128412394
39 81 0.116835757
40 81 -0.0305033059
41 81 -0.300988252
42 81 -0.00954991663
61 81 0.219393429
62 81 0.039131329
63 81 0.189758498
64 81 0.0764011751
65 81 -0.253604514
66 81 -0.0134554773
67 81 5.93879832
68 81 0.440122828
69 81 -29.8906447
70 81 -1.80174002
71 81 -144.943595
72 81 -1.245514
73 81 1.14701066
74 81 -0.129896081
75 81 -18.8880354
76 81 0.171519987
77 81 -266.939781
78 81 0.937980555
79 81 -13.512707
80 81 -1.93001409
81 81 148.202452
82 81 -7.23923786
83 81 -1.00179143
84 81 91.3348544
85 81 -180.551526
86 81 3.30961161
87 81 -25.607059
88 81 1.82373877
89 81 0.53484355
90 81 -25.7795123
91 81 -93.7476249
92 81 2.23257748
93 81 -16.5523413
94 81 1.46814122
95 81 0.289203553
96 81 -16.7221746
37 82 -0.061411628
38 82 -0.00968570744
39 82 0.0258711259
40 82 -0.0656978706
41 82 0.0210254976
42 82 -0.31908094
61 82 -0.110302399
62 82 0.0377247982
63 82 0.117199387
64 82 -0.14984359
65 82 -0.0408957767
66 82 -0.33920908
67 82 14.9938548
68 82 0.0276943603
69 82 3.13563471
70 82 15.2365442
71 82 1.05122389
72 82 -147.300568
73 82 9.43815709
74 82 -0.102902709
75 82 0.668652645
76 82 9.45626544
77 82 -0.881079975
78 82 -267.431965
79 82 -45.4343289
80 82 0.480903
81 82 -7.23923786
82 82 11.7274977
83 82 0.204466598
84 82 -3.64510219
85 82 -2.06157344
86 82 -183.381615
87 82 -9.16550744
88 82 12.9541961
89 82 -0.0991658266
90 82 0.916428106
91 82 -1.5029713
92 82 -96.0913334
93 82 -4.44839529
94 82 8.41200369
95 82 -0.0866394062
96 82 0.738540868
37 83 0.0196537578
38 83 0.00309974763
39 83 -0.00827961837
40 83 -0.0040724667
41 83 0.00130332442
42 83 -0.0197791267
61 83 -0.0301040724
62 83 0.0102959688
63 83 0.0319864197
64 83 0.012828277
65 83 0.00350113308
66 83 0.0290400678
67 83 1.03447988
68 83 0.00191073336
69 83 0.216338697
70 83 0.0251690179
71 83 0.00173650092
72 83 -0.24332359
73 83 -0.879392744
74 83 0.0095878777
75 83 -0.0623011758
76 83 -0.0525861938
77 83 0.00489967658
78 83 1.48718638
79 83 -5.55370276
80 83 0.0832398314
81 83 -1.00179143
82 83 0.204466598
83 83 57.6056739
84 83 -0.50555985
85 83 25.9128217
86 83 8.78375774
87 83 -181.572147
88 83 3.79904639
89 83 -0.029082127
90 83 0.2687587
91 83 16.8074273
92 83 4.11817838
93 83 -94.6368981
94 83 1.6570486
95 83 -0.017066767
96 83 0.145482356
37 84 -0.298263548
38 84 -0.0470414735
39 84 0.125650696
40 84 0.0135270073
41 84 -0.00432909098
42 84 0.0656978706
61 84 -0.249697537
62 84 0.0853996763
63 84 0.265310623
64 84 0.0661925132
65 84 0.0180654657
66 84 0.14984359
67 84 -144.954347
68 84 -0.267737549
69 84 -30.3140113
70 84 1.5760447
71 84 0.108736983
72 84 -15.2365442
73 84 -266.919844
74 84 2.91018415
75 84 -18.9101175
76 84 0.33436899
77 84 -0.0311545634
78 84 -9.45626544
79 84 688.899132
80 84 -8.26818989
81 84 91.3348544
82 84 -3.64510219
83 84 -0.50555985
84 84 103.414434
85 84 0.377383258
86 84 -12.8239935
87 84 -4.31832336
88 84 -183.114414
89 84 1.40176142
90 84 -12.9541961
91 84 0.143241873
92 84 -8.38516991
93 84 -1.94227066
94 84 -95.8129862
95 84 0.986825558
96 84 -8.41200369
67 85 81.8079642
68 85 -1.65409677
69 85 -401.944092
70 85 -8.07448821
71 85 87.3869728
72 85 -1.04169771
73 85 -6.97948599
74 85 -3.1118866
75 85 17.8927596
76 85 -1.22816036
77 85 -7.58187513
78 85 -0.869180749
79 85 23.9007371
80 85 7.3583104
81 85 -180.551526
82 85 -2.06157344
83 85 25.9128217
84 85 0.377383258
85 85 -107.852685
86 85 4.74356661
87 85 -28.2871319
88 85 -88.0504005
89 85 -5.07060283
90 85 1039.85132
91 85 66.6944358
92 85 -2.47252729
93 85 10.2002953
94 85 35.7241087
95 85 3.22647129
96 85 -469.255373
67 86 -1.7740304
68 86 0.0358695879
69 86 8.71627898
70 86 -417.122119
71 86 2.74461333
72 86 -44.1308649
73 86 -0.0588948908
74 86 -0.0262589855
75 86 0.150984202
76 86 20.3278512
77 86 -2.88927491
78 86 3.66328546
79 86 -0.438114031
80 86 -0.134881992
81 86 3.30961161
82 86 -183.381615
83 86 8.78375774
84 86 -12.8239935
85 86 4.74356661
86 86 57.893852
87 86 -0.249869009
88 86 2.52705033
89 86 0.192702329
90 86 -29.7337252
91 86 5.33050542
92 86 -0.197614987
93 86 0.815251361
94 86 -1.32438085
95 86 -0.119613251
96 86 17.3964544
67 87 17.511654
68 87 -0.354072744
69 87 -86.0393719
70 87 -4.53582957
71 87 -407.961539
72 87 0.395717767
73 87 -2.8145843
74 87 -1.25491579
75 87 7.21552853
76 87 2.6201814
77 87 18.8616681
78 87 2.07870344
79 87 3.38976688
80 87 1.04360618
81 87 -25.607059
82 87 -9.16550744
83 87 -181.572147
84 87 -4.31832336
85 87 -28.2871319
86 87 -0.249869009
87 87 233.26361
88 87 -15.0379221
89 87 -0.328464387
90 87 177.177421
91 87 -465.943534
92 87 17.2736764
93 87 -71.2617418
94 87 5.46367107
95 87 0.493458857
96 87 -71.7682567
67 88 43.1554002
68 88 -0.935837883
69 88 9.23776119
70 88 43.895351
71 88 -0.415240281
72 88 -414.860324
73 88 -3.68801654
74 88 -0.031120534
75 88 -1.48724898
76 88 -3.89151872
77 88 -1.6025319
78 88 20.0890088
79 88 12.8589081
80 88 -0.23571106
81 88 1.82373877
82 88 12.9541961
83 88 3.79904639
84 88 -183.114414
85 88 -88.0504005
86 88 2.52705033
87 88 -15.0379221
88 88 -31.4398911
89 88 1.29576527
90 88 -7.55172487
91 88 -15.119105
92 88 -474.59007
93 88 -16.1835236
94 88 36.0528284
95 88 -0.645356296
96 88 2.74467856
67 89 -0.408240511
68 89 0.00885281872
69 89 -0.0873871712
70 89 -0.475207096
71 89 0.00449535369
72 89 4.49124031
73 89 -1.51872947
74 89 -0.0128154719
75 89 -0.612450849
76 89 -0.0760360489
77 89 -0.0313117328
78 89 0.392517412
79 89 3.77110152
80 89 -0.0691264242
81 89 0.53484355
82 89 -0.0991658266
83 89 -0.029082127
84 89 1.40176142
85 89 -5.07060283
86 89 0.192702329
87 89 -0.328464387
88 89 1.29576527
89 89 57.6851504
90 89 -0.162279927
91 89 72.2943934
92 89 13.7025608
93 89 -469.374039
94 89 3.25616006
95 89 -0.0582862285
96 89 0.247889364
67 90 -407.866959
68 90 8.84471814
69 90 -87.3072094
70 90 4.64445918
71 90 -0.0439355533
72 90 -43.895351
73 90 19.0384788
74 90 0.160652107
75 90 7.6775573
76 90 -0.753840972
77 90 -0.310432583
78 90 3.89151872
79 90 -181.767469
80 90 3.33190052
81 90 -25.7795123
82 90 0.916428106
83 90 0.2687587
84 90 -12.9541961
85 90 1039.85132
86 90 -29.7337252
87 90 177.177421
88 90 -7.55172487
89 90 -0.162279927
90 90 146.581822
91 90 -0.754068795
92 90 -36.1015374
93 90 -3.82046226
94 90 -473.573282
95 90 8.47710189
96 90 -36.0528284
73 91 11.9403242
74 91 2.2453385
75 91 -44.8774984
76 91 0.635959721
77 91 12.7365655
78 91 0.399868093
79 91 15.6606071
80 91 3.11442237
81 91 -93.7476249
82 91 -1.5029713
83 91 16.8074273
84 91 0.143241873
85 91 66.6944358
86 91 5.33050542
87 91 -465.943534
88 91 -15.119105
89 91 72.2943934
90 91 -0.754068795
91 91 -36.7244015
92 91 2.82619268
93 91 -16.2715911
94 91 -50.2966621
95 91 -5.97269369
96 91 610.018851
73 92 0.0192882529
74 92 0.00362709221
75 92 -0.0724945592
76 92 -47.7404414
77 92 2.11475815
78 92 -6.42974321
79 92 -0.372953648
80 92 -0.0741692309
81 92 2.23257748
82 92 -96.0913334
83 92 4.11817838
84 92 -8.38516991
85 92 -2.47252729
86 92 -0.197614987
87 92 17.2736764
88 92 -474.59007
89 92 13.7025608
90 92 -36.1015374
91 92 2.82619268
92 92 57.8391228
93 92 -1.98686531
94 92 1.51229535
95 92 0.15683072
96 92 -19.577544
73 93 3.30621539
74 93 0.621722875
75 93 -12.4263523
76 93 -2.01823982
77 93 -46.0101639
78 93 -1.40660411
79 93 2.76508034
80 93 0.549891074
81 93 -16.5523413
82 93 -4.44839529
83 93 -94.6368981
84 93 -1.94227066
85 93 10.2002953
86 93 0.815251361
87 93 -71.2617418
88 93 -16.1835236
89 93 -469.374039
90 93 -3.82046226
91 93 -16.2715911
92 93 -1.98686531
93 93 157.811401
94 93 -8.66446317
95 93 -1.08953344
96 93 101.242542
73 94 6.25743057
74 94 0.0101081764
75 94 1.73265088
76 94 6.43189369
77 94 1.13915726
78 94 -47.337996
79 94 8.31512288
80 94 -0.198022682
81 94 1.46814122
82 94 8.41200369
83 94 1.6570486
84 94 -95.8129862
85 94 35.7241087
86 94 -1.32438085
87 94 5.46367107
88 94 36.0528284
89 94 3.25616006
90 94 -473.573282
91 94 -50.2966621
92 94 1.51229535
93 94 -8.66446317
94 94 6.67423989
95 94 0.705863569
96 94 -4.35713172
73 95 1.10825797
74 95 0.0017902663
75 95 0.306871027
76 95 0.0261321337
77 95 0.00462828076
78 95 -0.192329491
79 95 1.63796442
80 95 -0.0390077347
81 95 0.289203553
82 95 -0.0866394062
83 95 -0.017066767
84 95 0.986825558
85 95 3.22647129
86 95 -0.119613251
87 95 0.493458857
88 95 -0.645356296
89 95 -0.0582862285
90 95 8.47710189
91 95 -5.97269369
92 95 0.15683072
93 95 -1.08953344
94 95 0.705863569
95 95 57.6416904
96 95 -0.548150946
73 96 -46.0539676
74 96 -0.074395013
75 96 -12.7521107
76 96 0.87391229
77 96 0.154779226
78 96 -6.43189369
79 96 -94.7095108
80 96 2.25548456
81 96 -16.7221746
82 96 0.738540868
83 96 0.145482356
84 96 -8.41200369
85 96 -469.255373
86 96 17.3964544
87 96 -71.7682567
88 96 2.74467856
89 96 0.247889364
90 96 -36.0528284
91 96 610.018851
92 96 -19.577544
93 96 101.242542
94 96 -4.35713172
95 96 -0.548150946
96 96 108.467691
